trunkAngleL pelvisAngleL leftHipAngleL leftThighAngleL leftShankAngleL leftKneeAngleL leftFootAngleL leftAnkleAngleL
-0.332823661089534 8.41129656275811 -7.66191756827659 16.0732141310347 47.334781183768 31.2615670527333 -66.7780827036338 -14.4433015198658
-0.442160284333601 7.84007220696799 -6.62000586067428 14.4600780676423 48.9843907811256 34.5243127134833 -65.0455635633339 -11.0611727822083
-0.47780366105077 7.26033573268542 -5.50948315173557 12.769818884421 50.24846389892 37.4786450144991 -62.9293416617312 -7.68087776281119
-0.431543637870186 6.72304996900667 -4.24907380128179 10.9721237702885 51.1169338357212 40.1448100654328 -60.55413676049 -4.43720292476875
-0.298768430988269 6.27460179192522 -2.76057704360619 9.03517883553141 51.5983932703499 42.5632144348185 -58.0028614729761 -1.40446820262616
-0.0809412627139455 5.95040898189758 -0.986331333328278 6.93674031522586 51.7068321336464 44.7700918184206 -55.3148201362788 1.3920119973676
0.212890795056021 5.77052471411536 1.09886044749348 4.67166426662188 51.4510731705751 46.7794089039532 -52.4997024536098 3.95137071696533
0.565934016918986 5.73694352893683 3.48060944577908 2.25633408315775 50.8279570051838 48.5716229220261 -49.5583653149346 6.26959169024926
0.954477229241354 5.83410278346168 6.10486899535511 -0.270766211893429 49.8204155161858 50.0911817280792 -46.4916414250108 8.32877409117501
1.35022693715342 6.03223928376102 8.88356480312824 -2.85132551936722 48.4004238907667 51.2517494101339 -43.3018322658807 10.098591624886
1.72304828198941 6.29288817008549 11.7050996486935 -5.41221147860802 46.5360130244866 51.9482245030946 -39.9916646240525 11.5443484004342
2.04433184405033 6.57642070923109 14.4490380853086 -7.87261737607747 44.1997414300146 52.0723588060921 -36.5642629311899 12.6354784988248
2.29004902889936 6.84930178556862 17.0014740025923 -10.1521722170237 41.3764847400017 51.5286569570254 -33.0254983343546 13.3509864056471
2.4430785346291 7.08913813843265 19.2681751470906 -12.179037008658 38.0696502256084 50.2486872342664 -29.3892719881766 13.6803782374319
2.49455526956582 7.28677196131793 21.1835982470327 -13.8968262857147 34.305759761154 48.2025860468687 -25.6842928393234 13.6214669218306
2.44487265732317 7.44490368812831 22.7141850973219 -15.2692814091936 30.1375936992228 45.4068751084164 -21.9598671830993 13.1777265161235
2.30258354961678 7.5742889543064 23.8569778942571 -16.2826889399507 25.644897466968 41.9275864069187 -18.288739928018 12.3561575389499
2.0830675357725 7.68982286977441 24.6362117482617 -16.9463888784873 20.9316399952293 37.8780288737166 -14.7642590174809 11.1673809777484
1.80579852641053 7.80735193604977 25.0980711801955 -17.2907192441458 16.1199040241971 33.4106232683429 -11.4898163104357 9.63008771376138
1.49138171525524 7.94075931730938 25.3032093259813 -17.3624500086719 11.3418880731838 28.7043380818558 -8.56172289701829 7.78016517616553
1.15936746965826 8.09919614481894 25.3174638059485 -17.2182676611296 6.73180495932926 23.9500726204588 -6.05129493152779 5.68051002780147
0.82694827115878 8.28500921250338 25.2029862492799 -16.9179770367766 2.41823248576634 19.3362095225429 -3.99343670036146 3.42479578540487
0.508622112844627 8.49202358643871 25.0106522031449 -16.5186286167062 -1.48257891417309 15.0360497025331 -2.38666574584643 1.13075533998048
0.216200247917263 8.70584557112626 24.7764859187936 -16.0706403476673 -4.87190950651348 11.1987308411539 -1.20491644053689 -1.07682594705036
-0.041074694560514 8.90473312912536 24.5193765290631 -15.6146433999378 -7.6724201251328 7.94222327480497 -0.416290968275604 -3.08871109340841
-0.256386975663468 9.06224539934523 24.2412548119453 -15.1790094126001 -9.83085367524134 5.34815573735874 -0.00029635060126954 -4.83115002584261
-0.425454359554997 9.15012460507059 23.9283284657099 -14.7782038606393 -11.3195182172478 3.45868564339145 0.0449674699703416 -6.27455074727748
-0.546515469002944 9.14208400423803 23.5550066949901 -14.4129226907521 -12.1365594808383 2.27636320991384 -0.290965108079684 -7.42752458891794
-0.620123801874321 9.01744270320292 23.0889693067641 -14.0715266035612 -12.3049521288765 1.76657447468462 -1.01227044204679 -8.31722257092333
-0.648527534933077 8.76432050455641 22.4971211867497 -13.7328006821933 -11.8697428539814 1.86305782821189 -2.09080992547722 -8.96055277945866
-0.635021488122441 8.3818876980062 21.7518719711446 -13.3699842731384 -10.8929444425221 2.47703983061622 -3.44346538457051 -9.33640982709265
-0.582722828873704 7.88167571063233 20.8379319083703 -12.956256197738 -9.44610747707978 3.5101487206582 -4.92603204998769 -9.37213952706747
-0.493768616487039 7.28776014711647 19.7588856215075 -12.471125474391 -7.60184205071958 4.86928342367146 -6.3526529364089 -8.95449498712848
-0.368827512672431 6.63523802335802 18.5407463073955 -11.9055082840375 -5.42722858669255 6.47827969734495 -7.53843559884107 -7.96566418553362
-0.207151569169179 5.96772535724003 17.2311752076331 -11.2634498503931 -2.98195802177578 8.28149182861734 -8.34930618757909 -6.33126420935486
-0.00716893989408569 5.33262732518062 15.891111965583 -10.5584846404024 -0.32220904943589 10.2362755909665 -8.73699655202438 -4.05920560146027
0.232467231226442 4.77530129396155 14.5807550004919 -9.80545370653035 2.49213618700738 12.2975898935377 -8.74385944377677 -1.2517232567694
0.51127462016849 4.3325109593163 13.3434441554649 -9.01093319614857 5.39213637200796 14.4030695681565 -8.47848625566708 1.91365011634088
0.8259623584339 4.02679343850383 12.1923909473236 -8.16559750881972 8.30044218648954 16.4660396953093 -8.08083720225076 5.21960498423879
1.16946811027575 3.8632390146364 11.1041496347291 -7.24091062009266 11.1375101076983 18.378420727791 -7.69164076194249 8.44586934575581
1.5305276652638 3.82921764573593 10.0198853306787 -6.19066768494276 13.82848900738 20.0191566923227 -7.43435045517622 11.3941385522037
1.89417860394304 3.89795424744595 8.85621899161776 -4.95826474417181 16.3089860737404 21.2672508179122 -7.41010152599191 13.8988845477485
2.24262839737325 4.03526308674025 7.52439547432998 -3.48913238758972 18.5310750990895 22.0202074866792 -7.7012263440601 15.8298487550294
2.55671257081695 4.20727465410132 5.95266968380949 -1.74539502970817 20.4673760571576 22.2127710868658 -8.37883324540584 17.0885428117518
2.81747566421005 4.38748899861808 4.1047590272172 0.282729971400878 22.1118456883893 21.8291157169884 -9.50799391697377 17.6038517714155
3.00820351100957 4.56083050357499 1.98807970539903 2.57275079817596 23.4767483459653 20.9039975477894 -11.1483569952241 17.3283913507412
3.11533326950805 4.72463979572374 -0.34868683531587 5.07332663103961 24.5873005650064 19.5139739339668 -13.3510299096618 16.2362706553446
3.13006946330109 4.88723256546209 -2.82500344720539 7.71223601266748 25.4766326071115 17.764396594444 -16.1533422384037 14.3232903687078
3.04906530130751 5.0641643558148 -5.34085969296762 10.4050240487824 26.1829509124614 15.7779268636789 -19.5716664716799 11.6112844407815
2.87468869160292 5.27356337750264 -7.78790631086501 13.0614696883677 26.7495038504043 13.6880341620367 -23.5921616070344 8.1573422433699
2.61473102518222 5.53128881200907 -10.0586205311291 15.5899093431381 27.2261681822738 11.6362588391356 -28.1630332849041 4.06313489736964
2.28125890577992 5.84679866336159 -12.0537966812774 17.900595344639 27.6713901467869 9.77079480214794 -33.1923679557755 -0.520977808988562
1.88929562019722 6.21963007016301 -13.6910608535943 19.9106909237573 28.1521056156735 8.24141469191614 -38.551093834943 -5.3989882192695
1.45503659615398 6.63765208971793 -14.912963731362 21.5506158210799 28.7411864387024 7.19057061762251 -44.0787506546618 -10.3375642159594
0.994584887774839 7.07734135215059 -15.6936394392239 22.7709807913745 29.5114395656527 6.74045877427817 -49.5894929413721 -15.0780533757194
0.522512357024736 7.50599836051596 -16.0423971320557 23.5483954925717 30.5262510163112 6.97785552373956 -54.877901049196 -19.3516500328848
0.0511191470029671 7.88595897848047 -16.0025265382539 23.8884855167344 31.8280649289436 7.9395794122092 -59.7298446716468 -22.9017797427032
-0.409999322297524 8.17943466483309 -15.6459204288186 23.8253550936517 33.4278680541751 9.60251296052342 -63.9393209495737 -25.5114528953986
-0.853612564687306 8.35428093477418 -15.0625866536018 23.4168675883759 35.2989685535041 11.8821009651282 -67.3305472476909 -27.0315786941868
-1.27434526610022 8.38813927434775 -14.3474365110396 22.7355757853874 37.3774685369982 14.6418927516108 -69.7827171762976 -27.4052486392994
-1.66722220862903 8.27143911164983 -13.585601913786 21.8570410254358 39.5693847039791 17.7123436785434 -71.2514091636002 -26.6820244596211
-2.02660278891743 8.00877671957294 -12.8391288624344 20.8479055820073 41.7638155858224 20.9159100038151 -71.7774038695773 -25.0135882837548
-2.34518585907224 7.61793285472811 -12.1380977869073 19.7560306416354 43.8502210837118 24.0941904420765 -71.4756555049504 -22.6254344212386
-2.61343092327498 7.12806173016146 -11.477626082878 18.6056878130395 45.7355749696751 27.1298871566357 -70.5082904481236 -19.7727154784484
-2.82009912653119 6.57654253531711 -10.8211477346828 17.3976902699999 47.357162181206 29.9594719112062 -69.0504982336185 -16.6933360524124
-2.95351369124243 6.00545234590315 -10.1088983186165 16.1143506645197 48.686172740615 32.5718220760954 -67.2604243598826 -13.5742516192675
-3.00318995540423 5.45771765419193 -9.2693319970449 14.7270496512368 49.7224405941413 34.9953909429045 -65.2577418348791 -10.5353012407378
-2.96174074683476 4.97317528860096 -8.23112467060755 13.2042999592085 50.4837757371831 37.2794757779746 -63.1114250156507 -7.62764927846762
-2.8265261717164 4.58473217021647 -6.93427744291591 11.5190096131324 50.9941656891187 39.4751560759863 -60.8381588773492 -4.84399318823046
