Field	Time	PELO:X	PELO:Y	PELO:Z	PELP:X	PELP:Y	PELP:Z	LKJC:X	LKJC:Y	LKJC:Z	LHJC:X	LHJC:Y	LHJC:Z	LAJC:X	LAJC:Y	LAJC:Z	LTOO:X	LTOO:Y	LTOO:Z	RKJC:X	RKJC:Y	RKJC:Z	RHJC:X	RHJC:Y	RHJC:Z	RAJC:X	RAJC:Y	RAJC:Z	RTOO:X	RTOO:Y	RTOO:Z	TRXO:X	TRXO:Y	TRXO:Z	TRXP:X	TRXP:Y	TRXP:Z
1	0.0000	0	0	0	0	0	0	0	0	0	0	0	0	0	0	0	0	0	0	0	0	0	0	0	0	0	0	0	0	0	0	0	0	0	0	0	0
2	0.0100	0	0	0	0	0	0	0	0	0	0	0	0	0	0	0	0	0	0	0	0	0	0	0	0	0	0	0	0	0	0	0	0	0	0	0	0
3	0.0200	0	0	0	0	0	0	0	0	0	0	0	0	0	0	0	0	0	0	0	0	0	0	0	0	0	0	0	0	0	0	0	0	0	0	0	0
4	0.0300	0	0	0	0	0	0	0	0	0	0	0	0	0	0	0	0	0	0	0	0	0	0	0	0	0	0	0	0	0	0	0	0	0	0	0	0
5	0.0400	0	0	0	0	0	0	0	0	0	0	0	0	0	0	0	0	0	0	0	0	0	0	0	0	0	0	0	0	0	0	0	0	0	0	0	0
6	0.0500	0	0	0	0	0	0	0	0	0	0	0	0	0	0	0	0	0	0	0	0	0	0	0	0	0	0	0	0	0	0	0	0	0	0	0	0
7	0.0600	0	0	0	0	0	0	0	0	0	0	0	0	0	0	0	0	0	0	0	0	0	0	0	0	0	0	0	0	0	0	0	0	0	0	0	0
8	0.0700	0	0	0	0	0	0	0	0	0	0	0	0	0	0	0	0	0	0	0	0	0	0	0	0	0	0	0	0	0	0	0	0	0	0	0	0
9	0.0800	0	0	0	0	0	0	0	0	0	0	0	0	0	0	0	0	0	0	0	0	0	0	0	0	0	0	0	0	0	0	0	0	0	0	0	0
10	0.0900	0	0	0	0	0	0	0	0	0	0	0	0	0	0	0	0	0	0	0	0	0	0	0	0	0	0	0	0	0	0	0	0	0	0	0	0
11	0.1000	0	0	0	0	0	0	0	0	0	0	0	0	0	0	0	0	0	0	0	0	0	0	0	0	0	0	0	0	0	0	0	0	0	0	0	0
12	0.1100	0	0	0	0	0	0	0	0	0	0	0	0	0	0	0	0	0	0	0	0	0	0	0	0	0	0	0	0	0	0	0	0	0	0	0	0
13	0.1200	0	0	0	0	0	0	0	0	0	0	0	0	0	0	0	0	0	0	0	0	0	0	0	0	0	0	0	0	0	0	0	0	0	0	0	0
14	0.1300	0	0	0	0	0	0	0	0	0	0	0	0	0	0	0	0	0	0	0	0	0	0	0	0	0	0	0	0	0	0	0	0	0	0	0	0
15	0.1400	0	0	0	0	0	0	0	0	0	0	0	0	0	0	0	0	0	0	0	0	0	0	0	0	0	0	0	0	0	0	0	0	0	0	0	0
16	0.1500	0	0	0	0	0	0	0	0	0	0	0	0	0	0	0	0	0	0	0	0	0	0	0	0	0	0	0	0	0	0	0	0	0	0	0	0
17	0.1600	0	0	0	0	0	0	0	0	0	0	0	0	0	0	0	0	0	0	0	0	0	0	0	0	0	0	0	0	0	0	0	0	0	0	0	0
18	0.1700	0	0	0	0	0	0	0	0	0	0	0	0	0	0	0	0	0	0	0	0	0	0	0	0	0	0	0	0	0	0	0	0	0	0	0	0
19	0.1800	0	0	0	0	0	0	0	0	0	0	0	0	0	0	0	0	0	0	0	0	0	0	0	0	0	0	0	0	0	0	0	0	0	0	0	0
20	0.1900	0	0	0	0	0	0	0	0	0	0	0	0	0	0	0	0	0	0	0	0	0	0	0	0	0	0	0	0	0	0	0	0	0	0	0	0
21	0.2000	0	0	0	0	0	0	0	0	0	0	0	0	0	0	0	0	0	0	0	0	0	0	0	0	0	0	0	0	0	0	0	0	0	0	0	0
22	0.2100	0	0	0	0	0	0	0	0	0	0	0	0	0	0	0	0	0	0	0	0	0	0	0	0	0	0	0	0	0	0	0	0	0	0	0	0
23	0.2200	0	0	0	0	0	0	0	0	0	0	0	0	0	0	0	0	0	0	0	0	0	0	0	0	0	0	0	0	0	0	0	0	0	0	0	0
24	0.2300	0	0	0	0	0	0	0	0	0	0	0	0	0	0	0	0	0	0	0	0	0	0	0	0	0	0	0	0	0	0	0	0	0	0	0	0
25	0.2400	0	0	0	0	0	0	0	0	0	0	0	0	0	0	0	0	0	0	0	0	0	0	0	0	0	0	0	0	0	0	0	0	0	0	0	0
26	0.2500	0	0	0	0	0	0	0	0	0	0	0	0	0	0	0	0	0	0	0	0	0	0	0	0	0	0	0	0	0	0	0	0	0	0	0	0
27	0.2600	0	0	0	0	0	0	0	0	0	0	0	0	0	0	0	0	0	0	0	0	0	0	0	0	0	0	0	0	0	0	0	0	0	0	0	0
28	0.2700	0	0	0	0	0	0	0	0	0	0	0	0	0	0	0	0	0	0	0	0	0	0	0	0	0	0	0	0	0	0	0	0	0	0	0	0
29	0.2800	0	0	0	0	0	0	0	0	0	0	0	0	0	0	0	0	0	0	0	0	0	0	0	0	0	0	0	0	0	0	0	0	0	0	0	0
30	0.2900	0	0	0	0	0	0	0	0	0	0	0	0	0	0	0	0	0	0	0	0	0	0	0	0	0	0	0	0	0	0	0	0	0	0	0	0
31	0.3000	0	0	0	0	0	0	0	0	0	0	0	0	0	0	0	0	0	0	0	0	0	0	0	0	0	0	0	0	0	0	0	0	0	0	0	0
32	0.3100	0	0	0	0	0	0	0	0	0	0	0	0	0	0	0	0	0	0	0	0	0	0	0	0	0	0	0	0	0	0	0	0	0	0	0	0
33	0.3200	0	0	0	0	0	0	0	0	0	0	0	0	0	0	0	0	0	0	0	0	0	0	0	0	0	0	0	0	0	0	0	0	0	0	0	0
34	0.3300	0	0	0	0	0	0	0	0	0	0	0	0	0	0	0	0	0	0	0	0	0	0	0	0	0	0	0	0	0	0	0	0	0	0	0	0
35	0.3400	0	0	0	0	0	0	0	0	0	0	0	0	0	0	0	0	0	0	0	0	0	0	0	0	0	0	0	0	0	0	0	0	0	0	0	0
36	0.3500	0	0	0	0	0	0	0	0	0	0	0	0	0	0	0	0	0	0	0	0	0	0	0	0	0	0	0	0	0	0	0	0	0	0	0	0
37	0.3600	0	0	0	0	0	0	0	0	0	0	0	0	0	0	0	0	0	0	0	0	0	0	0	0	0	0	0	0	0	0	0	0	0	0	0	0
38	0.3700	0	0	0	0	0	0	0	0	0	0	0	0	0	0	0	0	0	0	0	0	0	0	0	0	0	0	0	0	0	0	0	0	0	0	0	0
39	0.3800	0	0	0	0	0	0	0	0	0	0	0	0	0	0	0	0	0	0	0	0	0	0	0	0	0	0	0	0	0	0	0	0	0	0	0	0
40	0.3900	0	0	0	0	0	0	0	0	0	0	0	0	0	0	0	0	0	0	0	0	0	0	0	0	0	0	0	0	0	0	0	0	0	0	0	0
41	0.4000	0	0	0	0	0	0	0	0	0	0	0	0	0	0	0	0	0	0	0	0	0	0	0	0	0	0	0	0	0	0	0	0	0	0	0	0
42	0.4100	0	0	0	0	0	0	0	0	0	0	0	0	0	0	0	0	0	0	0	0	0	0	0	0	0	0	0	0	0	0	0	0	0	0	0	0
43	0.4200	0	0	0	0	0	0	0	0	0	0	0	0	0	0	0	0	0	0	0	0	0	0	0	0	0	0	0	0	0	0	0	0	0	0	0	0
44	0.4300	0	0	0	0	0	0	0	0	0	0	0	0	0	0	0	0	0	0	0	0	0	0	0	0	0	0	0	0	0	0	0	0	0	0	0	0
45	0.4400	0	0	0	0	0	0	0	0	0	0	0	0	0	0	0	0	0	0	0	0	0	0	0	0	0	0	0	0	0	0	0	0	0	0	0	0
46	0.4500	0	0	0	0	0	0	0	0	0	0	0	0	0	0	0	0	0	0	0	0	0	0	0	0	0	0	0	0	0	0	0	0	0	0	0	0
47	0.4600	0	0	0	0	0	0	0	0	0	0	0	0	0	0	0	0	0	0	0	0	0	0	0	0	0	0	0	0	0	0	0	0	0	0	0	0
48	0.4700	0	0	0	0	0	0	0	0	0	0	0	0	0	0	0	0	0	0	0	0	0	0	0	0	0	0	0	0	0	0	0	0	0	0	0	0
49	0.4800	0	0	0	0	0	0	0	0	0	0	0	0	0	0	0	0	0	0	0	0	0	0	0	0	0	0	0	0	0	0	0	0	0	0	0	0
50	0.4900	0	0	0	0	0	0	0	0	0	0	0	0	0	0	0	0	0	0	0	0	0	0	0	0	0	0	0	0	0	0	0	0	0	0	0	0
51	0.5000	0	0	0	0	0	0	0	0	0	0	0	0	0	0	0	0	0	0	0	0	0	0	0	0	0	0	0	0	0	0	0	0	0	0	0	0
52	0.5100	0	0	0	0	0	0	0	0	0	0	0	0	0	0	0	0	0	0	0	0	0	0	0	0	0	0	0	0	0	0	0	0	0	0	0	0
53	0.5200	0	0	0	0	0	0	0	0	0	0	0	0	0	0	0	0	0	0	0	0	0	0	0	0	0	0	0	0	0	0	0	0	0	0	0	0
54	0.5300	0	0	0	0	0	0	0	0	0	0	0	0	0	0	0	0	0	0	0	0	0	0	0	0	0	0	0	0	0	0	0	0	0	0	0	0
55	0.5400	0	0	0	0	0	0	0	0	0	0	0	0	0	0	0	0	0	0	0	0	0	0	0	0	0	0	0	0	0	0	0	0	0	0	0	0
56	0.5500	0	0	0	0	0	0	0	0	0	0	0	0	0	0	0	0	0	0	0	0	0	0	0	0	0	0	0	0	0	0	0	0	0	0	0	0
57	0.5600	0	0	0	0	0	0	0	0	0	0	0	0	0	0	0	0	0	0	0	0	0	0	0	0	0	0	0	0	0	0	0	0	0	0	0	0
58	0.5700	0	0	0	0	0	0	0	0	0	0	0	0	0	0	0	0	0	0	0	0	0	0	0	0	0	0	0	0	0	0	0	0	0	0	0	0
59	0.5800	0	0	0	0	0	0	0	0	0	0	0	0	0	0	0	0	0	0	0	0	0	0	0	0	0	0	0	0	0	0	0	0	0	0	0	0
60	0.5900	0	0	0	0	0	0	0	0	0	0	0	0	0	0	0	0	0	0	0	0	0	0	0	0	0	0	0	0	0	0	0	0	0	0	0	0
61	0.6000	0	0	0	0	0	0	0	0	0	0	0	0	0	0	0	0	0	0	0	0	0	0	0	0	0	0	0	0	0	0	0	0	0	0	0	0
62	0.6100	0	0	0	0	0	0	0	0	0	0	0	0	0	0	0	0	0	0	0	0	0	0	0	0	0	0	0	0	0	0	0	0	0	0	0	0
63	0.6200	0	0	0	0	0	0	0	0	0	0	0	0	0	0	0	0	0	0	0	0	0	0	0	0	0	0	0	0	0	0	0	0	0	0	0	0
64	0.6300	0	0	0	0	0	0	0	0	0	0	0	0	0	0	0	0	0	0	0	0	0	0	0	0	0	0	0	0	0	0	0	0	0	0	0	0
65	0.6400	0	0	0	0	0	0	0	0	0	0	0	0	0	0	0	0	0	0	0	0	0	0	0	0	0	0	0	0	0	0	0	0	0	0	0	0
66	0.6500	0	0	0	0	0	0	0	0	0	0	0	0	0	0	0	0	0	0	0	0	0	0	0	0	0	0	0	0	0	0	0	0	0	0	0	0
67	0.6600	0	0	0	0	0	0	0	0	0	0	0	0	0	0	0	0	0	0	0	0	0	0	0	0	0	0	0	0	0	0	0	0	0	0	0	0
68	0.6700	0	0	0	0	0	0	0	0	0	0	0	0	0	0	0	0	0	0	0	0	0	0	0	0	0	0	0	0	0	0	0	0	0	0	0	0
69	0.6800	0	0	0	0	0	0	0	0	0	0	0	0	0	0	0	0	0	0	0	0	0	0	0	0	0	0	0	0	0	0	0	0	0	0	0	0
70	0.6900	0	0	0	0	0	0	0	0	0	0	0	0	0	0	0	0	0	0	0	0	0	0	0	0	0	0	0	0	0	0	0	0	0	0	0	0
71	0.7000	0	0	0	0	0	0	0	0	0	0	0	0	0	0	0	0	0	0	0	0	0	0	0	0	0	0	0	0	0	0	0	0	0	0	0	0
72	0.7100	0	0	0	0	0	0	0	0	0	0	0	0	0	0	0	0	0	0	0	0	0	0	0	0	0	0	0	0	0	0	0	0	0	0	0	0
73	0.7200	0	0	0	0	0	0	0	0	0	0	0	0	0	0	0	0	0	0	0	0	0	0	0	0	0	0	0	0	0	0	0	0	0	0	0	0
74	0.7300	0	0	0	0	0	0	0	0	0	0	0	0	0	0	0	0	0	0	0	0	0	0	0	0	0	0	0	0	0	0	0	0	0	0	0	0
75	0.7400	0	0	0	0	0	0	0	0	0	0	0	0	0	0	0	0	0	0	0	0	0	0	0	0	0	0	0	0	0	0	0	0	0	0	0	0
76	0.7500	0	0	0	0	0	0	0	0	0	0	0	0	0	0	0	0	0	0	0	0	0	0	0	0	0	0	0	0	0	0	0	0	0	0	0	0
77	0.7600	0	0	0	0	0	0	0	0	0	0	0	0	0	0	0	0	0	0	0	0	0	0	0	0	0	0	0	0	0	0	0	0	0	0	0	0
78	0.7700	0	0	0	0	0	0	0	0	0	0	0	0	0	0	0	0	0	0	0	0	0	0	0	0	0	0	0	0	0	0	0	0	0	0	0	0
79	0.7800	0	0	0	0	0	0	0	0	0	0	0	0	0	0	0	0	0	0	0	0	0	0	0	0	0	0	0	0	0	0	0	0	0	0	0	0
80	0.7900	0	0	0	0	0	0	0	0	0	0	0	0	0	0	0	0	0	0	0	0	0	0	0	0	0	0	0	0	0	0	0	0	0	0	0	0
81	0.8000	0	0	0	0	0	0	0	0	0	0	0	0	0	0	0	0	0	0	0	0	0	0	0	0	0	0	0	0	0	0	0	0	0	0	0	0
82	0.8100	0	0	0	0	0	0	0	0	0	0	0	0	0	0	0	0	0	0	0	0	0	0	0	0	0	0	0	0	0	0	0	0	0	0	0	0
83	0.8200	0	0	0	0	0	0	0	0	0	0	0	0	0	0	0	0	0	0	0	0	0	0	0	0	0	0	0	0	0	0	0	0	0	0	0	0
84	0.8300	0	0	0	0	0	0	0	0	0	0	0	0	0	0	0	0	0	0	0	0	0	0	0	0	0	0	0	0	0	0	0	0	0	0	0	0
85	0.8400	0	0	0	0	0	0	0	0	0	0	0	0	0	0	0	0	0	0	0	0	0	0	0	0	0	0	0	0	0	0	0	0	0	0	0	0
86	0.8500	0	0	0	0	0	0	0	0	0	0	0	0	0	0	0	0	0	0	0	0	0	0	0	0	0	0	0	0	0	0	0	0	0	0	0	0
87	0.8600	0	0	0	0	0	0	0	0	0	0	0	0	0	0	0	0	0	0	0	0	0	0	0	0	0	0	0	0	0	0	0	0	0	0	0	0
88	0.8700	0	0	0	0	0	0	0	0	0	0	0	0	0	0	0	0	0	0	0	0	0	0	0	0	0	0	0	0	0	0	0	0	0	0	0	0
89	0.8800	0	0	0	0	0	0	0	0	0	0	0	0	0	0	0	0	0	0	0	0	0	0	0	0	0	0	0	0	0	0	0	0	0	0	0	0
90	0.8900	0	0	0	0	0	0	0	0	0	0	0	0	0	0	0	0	0	0	0	0	0	0	0	0	0	0	0	0	0	0	0	0	0	0	0	0
91	0.9000	214.805923	-2405.454346	867.408936	208.702866	-2379.330078	989.686646	157.524261	-2548.124512	504.501221	152.596909	-2400.003418	863.139526	176.469940	-2765.114502	176.246582	183.975906	-2700.257324	43.709568	281.116821	-2304.819824	496.693024	277.014740	-2410.905029	871.678467	263.586212	-2230.477295	104.597145	294.779541	-2081.045410	103.931770	236.676468	-2341.875977	1382.057617	229.232788	-2351.228271	1189.745728
92	0.9100	214.865173	-2379.876709	870.767151	209.730988	-2354.408203	993.227661	156.217255	-2515.677490	503.656616	152.645218	-2374.201904	866.978271	177.312302	-2748.504395	190.878555	178.456039	-2685.839844	57.085003	279.465637	-2281.731934	498.586273	277.085114	-2385.551270	874.555908	262.015564	-2200.176025	106.219147	290.452240	-2050.211914	103.881866	237.753052	-2318.179932	1384.408569	229.919495	-2326.771729	1192.575439
93	0.9200	214.941895	-2354.422363	872.870361	210.756805	-2329.801025	995.539978	154.842834	-2482.721680	502.148499	152.713287	-2348.541992	869.567261	177.775940	-2729.124023	203.589935	172.739090	-2667.569092	69.371811	278.060425	-2258.843994	499.472839	277.170532	-2360.302734	876.173645	260.199524	-2174.512939	106.690941	286.167023	-2024.152222	102.137642	238.788391	-2294.421143	1385.709595	230.617020	-2302.346680	1194.223877
94	0.9300	215.042831	-2329.092773	873.722900	211.778214	-2305.505371	996.623535	153.396103	-2449.253662	499.959259	152.808182	-2323.025879	870.905640	177.903137	-2706.962402	214.251953	166.752701	-2645.485596	80.367203	276.879639	-2236.168945	499.357513	277.277466	-2335.159424	876.540283	258.124054	-2153.411621	106.015518	281.948456	-2002.799805	98.818504	239.781860	-2270.597656	1385.963745	231.325836	-2277.957275	1194.694824
95	0.9400	215.180328	-2303.897949	873.336792	212.793167	-2281.514160	996.482117	151.876236	-2415.262939	497.070648	152.942459	-2297.664795	870.997192	177.710876	-2682.036865	222.731079	160.457138	-2619.681641	89.904175	275.898743	-2213.714111	498.248962	277.418152	-2310.131348	875.676453	255.797836	-2136.723877	104.258949	277.811401	-1986.001587	94.181366	240.731491	-2246.706055	1385.179443	232.043015	-2253.609619	1193.997681
96	0.9500	215.374084	-2278.860352	871.736877	213.799072	-2257.812744	995.130737	150.287125	-2380.724121	493.463715	153.135513	-2272.480469	869.854126	177.183289	-2654.388672	228.895767	153.848953	-2590.303467	97.832970	275.087433	-2191.481934	496.166412	277.612671	-2285.240234	873.619385	253.254379	-2124.183594	101.567802	273.764954	-1973.466064	88.648308	241.633560	-2222.739746	1383.376953	232.761581	-2229.312012	1192.156250
97	0.9600	215.649063	-2254.017090	868.968018	214.794342	-2234.381592	992.601563	148.635590	-2345.592773	489.123688	153.412247	-2247.511475	867.504639	176.280029	-2624.090820	232.640213	146.950150	-2557.552979	104.027122	274.408691	-2169.473877	493.147644	277.885742	-2260.522705	870.431580	250.551575	-2115.385986	98.172760	269.825531	-1964.738770	82.768639	242.481674	-2198.688232	1380.593018	233.470261	-2205.074463	1189.212036
98	0.9700	216.030869	-2229.419678	865.102417	215.777618	-2211.196777	988.954712	146.929916	-2309.806396	484.053894	153.797592	-2222.809814	864.002747	174.954697	-2591.252197	233.914856	139.807159	-2521.679199	108.403503	273.820465	-2147.687500	489.258636	278.264160	-2236.029785	866.202271	247.769119	-2109.779541	94.372581	266.039978	-1959.208618	77.112335	243.266479	-2174.538818	1376.887695	234.154205	-2180.909668	1185.232910
99	0.9800	216.539902	-2205.130615	860.246765	216.747116	-2188.232422	984.286804	145.178406	-2273.311279	478.300934	154.310791	-2198.439209	859.439209	173.175095	-2556.014648	232.752060	132.499939	-2482.957764	110.944443	273.281586	-2126.131348	484.598785	278.768921	-2211.822021	861.054382	245.001343	-2106.693848	90.496544	262.502808	-1956.161255	72.140076	243.975082	-2150.277832	1372.350342	234.795624	-2156.828857	1180.318726
100	0.9900	217.185135	-2181.213379	854.547913	217.700607	-2165.461426	978.737915	143.391495	-2236.076660	471.976898	154.959869	-2174.465332	853.950195	170.939545	-2518.542480	229.277771	125.146660	-2441.656982	111.717140	272.759552	-2104.838623	479.303467	279.410492	-2187.961426	855.145447	242.346771	-2105.388672	86.855057	259.347076	-1954.846924	68.105560	244.590958	-2125.892578	1367.104248	235.376358	-2132.842773	1174.606812
101	1.0000	217.959961	-2157.720703	848.196411	218.634537	-2142.855469	972.494995	141.584045	-2198.120605	465.274506	155.736847	-2150.942383	847.723389	168.286331	-2479.008789	223.709885	117.899414	-2398.016846	110.881142	272.238983	-2083.898193	473.540558	280.183105	-2164.498779	848.669373	239.896393	-2105.142334	83.694107	256.700012	-1954.565552	65.049530	245.094162	-2101.374023	1361.309082	235.877945	-2108.955566	1168.275146
102	1.0100	218.839951	-2134.680664	841.425964	219.544678	-2120.383301	965.790771	139.779007	-2159.516113	458.465271	156.616760	-2127.900146	840.999023	165.295166	-2437.579102	216.338333	110.928139	-2352.241943	108.678482	271.726471	-2063.473633	467.502197	281.063080	-2141.461182	841.852966	237.729523	-2105.345215	81.165573	254.638885	-1954.738770	62.857918	245.461456	-2076.720459	1355.160400	236.281876	-2085.162598	1161.542603
103	1.0200	219.783737	-2112.083496	834.506958	220.426529	-2098.006104	958.897339	138.009323	-2120.392334	451.881592	157.557983	-2105.326904	834.063965	162.079590	-2394.397949	207.493652	104.401291	-2304.508545	105.405594	271.248016	-2043.805176	461.392700	282.009491	-2118.840088	834.950073	235.913452	-2105.571777	79.317139	253.180267	-1954.966431	61.337418	245.667084	-2051.938477	1348.884277	236.570694	-2061.447510	1154.663574
104	1.0300	220.737198	-2089.871094	827.734131	221.279465	-2075.673828	952.111267	136.316879	-2080.930420	445.884918	158.506882	-2083.161377	827.239502	158.771683	-2349.579102	197.513504	98.467430	-2254.972412	101.379044	270.837982	-2025.189209	455.416138	282.967590	-2096.581055	828.228638	234.497803	-2105.596680	78.104294	252.287918	-1955.033813	60.279392	245.683853	-2027.044067	1342.729004	236.726807	-2037.778564	1147.917358
105	1.0400	221.639038	-2067.936523	821.408630	222.108276	-2053.323486	945.737854	134.749237	-2041.356567	440.826447	159.402496	-2061.288574	820.862122	155.503403	-2303.205322	186.717560	93.239723	-2203.772217	96.911209	270.522369	-2007.940552	449.767670	283.875641	-2074.584961	821.955139	233.501328	-2105.354980	77.423141	251.883682	-1954.874878	59.501724	245.484833	-2002.061157	1336.952881	236.732574	-2014.107788	1141.594360
106	1.0500	222.428558	-2046.130371	815.816040	222.924789	-2030.878540	940.068420	133.356766	-2001.926636	437.008362	160.185074	-2039.548584	815.256714	152.390778	-2255.329590	175.396286	88.784737	-2151.031250	92.300079	270.303436	-1992.343628	444.633911	284.672028	-2052.712402	816.375366	232.900406	-2104.883057	77.157593	251.857376	-1954.518433	58.869057	245.045105	-1977.019653	1331.809448	236.572037	-1990.375122	1135.976196
107	1.0600	223.052734	-2024.277222	811.205505	223.745743	-2008.253540	935.359802	132.191528	-1962.919800	434.653015	160.802338	-2017.755737	810.711243	149.524612	-2205.985107	163.815063	85.121605	-2096.860596	87.835037	270.154205	-1978.603638	440.202881	285.303131	-2030.798584	811.699707	232.630661	-2104.262939	77.229492	252.077881	-1954.041016	58.293308	244.343857	-1951.950806	1327.531738	236.232391	-1966.511597	1131.316284
108	1.0700	223.472946	-2002.195313	807.772522	224.588165	-1985.358032	931.816101	131.307785	-1924.620483	433.884766	161.216568	-1995.720093	807.453369	146.969009	-2155.199463	152.229996	82.230911	-2041.378296	83.801071	270.026154	-1966.799805	436.676483	285.729309	-2008.670532	808.091675	232.603714	-2103.571289	77.635574	252.409988	-1953.523315	57.718857	243.366318	-1926.882080	1324.318359	235.705338	-1942.445557	1127.821655
109	1.0800	223.668869	-1979.722168	805.648804	225.461685	-1962.106201	929.576233	130.759979	-1887.305420	434.724670	161.408661	-1973.276245	805.633179	144.765228	-2103.014160	140.906418	80.070107	-1984.729004	80.474701	269.867035	-1956.857910	434.275299	285.929077	-1986.168091	805.664368	232.733337	-2102.842285	78.462769	252.735016	-1953.018677	57.104431	242.105698	-1901.833496	1322.320557	234.989349	-1918.111572	1125.640137
110	1.0900	223.639542	-1956.730103	804.899353	226.362549	-1938.422485	928.709473	130.596664	-1851.221436	437.096039	161.379089	-1950.300049	805.317871	142.937119	-2049.506592	130.131714	78.589371	-1927.108765	78.103020	269.640686	-1948.543457	433.227966	285.900024	-1963.160278	804.480957	232.960693	-2102.038574	79.880661	252.966736	-1952.532471	56.406868	240.565048	-1876.815674	1321.635010	234.090027	-1893.459473	1124.855591
111	1.1000	223.401886	-1933.138672	805.526978	227.269913	-1914.248657	929.219238	130.850983	-1816.559814	440.835419	161.146347	-1926.719971	806.493530	141.495422	-1994.816406	120.216507	77.747147	-1868.774170	76.876312	269.340271	-1941.474487	433.745850	285.657471	-1939.557251	804.560242	233.268021	-2101.041992	82.114594	253.057297	-1952.020752	55.573540	238.758606	-1851.828857	1322.298706	233.020218	-1868.461670	1125.488403
112	1.1100	222.987381	-1908.916138	807.479675	228.148758	-1889.548462	931.050598	131.530258	-1783.433105	445.708160	160.742859	-1902.516602	809.076416	140.440109	-1939.162720	111.479301	77.516609	-1810.036987	76.895729	268.991119	-1935.149414	435.987122	285.231903	-1915.315674	805.882813	233.675018	-2099.649658	85.402023	252.995285	-1951.400024	54.545631	236.712036	-1826.866211	1324.288818	231.799637	-1843.117310	1127.501953
113	1.1200	222.438126	-1884.078491	810.659973	228.955811	-1864.312256	934.103638	132.608414	-1751.859985	451.429443	160.210403	-1877.718018	812.927002	139.762177	-1882.859619	104.220284	77.887054	-1751.249878	78.158211	268.644043	-1928.980225	440.018524	284.665863	-1890.438965	808.392822	234.221252	-2097.579834	89.938210	252.800339	-1950.563721	53.271362	234.461777	-1801.919067	1327.525391	230.454163	-1817.456909	1130.810059
114	1.1300	221.802536	-1858.683960	814.933167	229.648743	-1838.559814	938.241699	134.023788	-1721.772461	457.689545	159.595520	-1852.393311	817.864746	139.445755	-1826.324219	98.690529	78.861626	-1692.795898	80.563232	268.361633	-1922.326294	445.781097	284.009613	-1864.974731	812.001404	234.946457	-2094.490479	95.826675	252.516510	-1949.405029	51.726200	232.052933	-1776.980469	1331.877686	229.013443	-1791.536621	1135.284912
115	1.1400	221.130768	-1832.823730	820.134521	230.193130	-1812.340210	943.300415	135.685669	-1693.038086	464.181183	158.944885	-1826.641846	823.681824	139.471207	-1770.078125	95.059151	80.453804	-1635.088867	83.937523	268.203400	-1914.526001	453.068268	283.316650	-1839.005493	816.587036	235.875671	-2090.009033	103.046951	252.204361	-1947.829956	49.926113	229.536316	-1752.048584	1337.172241	227.508286	-1765.432007	1140.762085
116	1.1500	220.469009	-1806.609863	826.076416	230.566437	-1785.728394	949.094971	137.489410	-1665.489746	470.624115	158.300674	-1800.581299	830.155884	139.818924	-1714.732422	93.382095	82.684761	-1578.584351	88.064957	268.213531	-1904.934082	461.523376	282.637299	-1812.638428	821.996948	237.013031	-2083.775635	111.452240	251.933701	-1945.765747	47.938557	226.965057	-1727.125366	1343.202148	225.967819	-1739.225830	1147.047119
117	1.1600	219.853485	-1780.161865	832.554626	230.758499	-1758.819580	955.425049	139.335693	-1638.955200	476.783936	157.695526	-1774.331543	837.058716	140.474197	-1660.958740	93.578148	85.580429	-1523.791748	92.709869	268.414276	-1892.963623	470.660400	282.011383	-1785.992065	828.050720	238.342087	-2075.489746	120.798431	251.778427	-1943.156860	45.893120	224.391068	-1702.215820	1349.738403	224.416397	-1712.998291	1153.920410
118	1.1700	219.306915	-1753.593506	839.354614	230.770035	-1731.721924	962.081055	141.149353	-1613.277466	482.483002	157.149765	-1748.004395	844.164368	141.430695	-1609.445557	95.419487	89.163765	-1471.271118	97.625275	268.805969	-1878.136597	479.911987	281.464111	-1759.182617	834.544922	239.828232	-2064.961426	130.801407	251.810013	-1939.954224	44.008675	221.862045	-1677.325806	1356.540405	222.873978	-1686.818726	1161.143921
119	1.1800	218.836319	-1727.002563	846.256226	230.609390	-1704.548340	968.847961	142.889954	-1588.321655	487.602386	156.669571	-1721.692139	851.253784	142.692795	-1560.846191	98.543274	93.443130	-1421.607910	102.547279	269.372803	-1860.127441	488.696503	281.003113	-1732.313232	841.258667	241.419449	-2052.144043	141.202393	252.090515	-1936.077393	42.622364	219.419159	-1652.459351	1363.364868	221.356461	-1660.742554	1168.468262
120	1.1900	218.433884	-1700.463989	853.038696	230.289948	-1677.409546	975.511047	144.550095	-1563.976440	492.074249	156.248138	-1695.461426	858.116943	144.275497	-1515.729004	102.485130	98.400810	-1375.364136	107.182968	270.091888	-1838.793457	496.491577	280.619690	-1705.466553	847.960327	243.045685	-2037.136353	151.820343	252.667038	-1931.346924	42.187401	217.095383	-1627.618042	1369.974243	219.877563	-1634.809692	1175.640259
121	1.2000	218.079758	-1674.025757	859.484985	229.827972	-1650.406738	981.859985	146.143829	-1540.154297	495.866425	155.867798	-1669.351196	864.555176	146.201874	-1474.542603	106.728722	103.985962	-1333.027100	111.203079	270.942688	-1814.175903	502.892731	280.291748	-1678.700439	854.414673	244.621811	-2020.144409	162.570190	253.568527	-1925.414795	43.198524	214.914505	-1602.799438	1376.144531	218.450577	-1609.044800	1182.412109
122	1.2100	217.746490	-1647.710449	865.385925	229.240952	-1623.626099	987.694458	147.691940	-1516.792480	498.963531	155.504105	-1643.372559	870.381226	148.497620	-1437.600342	110.760979	110.113838	-1294.970215	114.250046	271.913513	-1786.481934	507.647034	279.988861	-1652.048218	860.390564	246.061325	-2001.408081	173.438782	254.800827	-1917.748535	46.049557	212.890686	-1577.997192	1381.670898	217.088135	-1583.459229	1188.549072
123	1.2200	217.404160	-1621.517822	870.545837	228.547302	-1597.134644	992.827515	149.210632	-1493.852051	501.349335	155.130005	-1617.513184	875.422119	151.184052	-1405.077271	114.123039	116.667107	-1261.431763	115.966019	273.005005	-1756.049805	510.657715	279.678345	-1625.522583	865.669556	247.300385	-1981.121460	184.428192	256.346344	-1907.692261	50.900387	211.028580	-1553.201538	1386.373413	215.802475	-1558.051636	1193.838867
124	1.2300	217.025726	-1595.432251	874.787231	227.765335	-1570.977539	997.090881	150.705841	-1471.316284	502.996277	154.720978	-1591.744385	879.520874	154.270096	-1377.017578	116.450523	123.503372	-1232.511230	116.042068	274.229645	-1723.306396	511.963135	279.330444	-1599.120117	870.053467	248.321640	-1959.371338	195.487900	258.169952	-1894.582642	57.615570	209.323959	-1528.400879	1390.101685	214.603745	-1532.811279	1198.098999
125	1.2400	216.591293	-1569.429932	877.956970	226.913895	-1545.178345	1000.336792	152.172073	-1449.189087	503.861786	154.259003	-1566.030762	882.541016	157.745560	-1353.347900	117.499969	130.468872	-1208.177490	114.280922	275.608948	-1688.719727	511.698608	278.923584	-1572.829224	873.372925	249.165329	-1936.114502	206.454880	260.233215	-1877.861084	65.787216	207.765366	-1503.580933	1392.736328	213.499146	-1507.717651	1201.180664
126	1.2500	216.091125	-1543.487183	879.931519	226.011551	-1519.739136	1002.443481	153.594727	-1427.486816	503.891479	153.735123	-1540.338257	884.370483	161.578110	-1333.893311	117.160339	137.416290	-1188.281372	110.659996	277.167664	-1652.755249	510.052429	278.447083	-1546.636108	875.492615	249.920303	-1911.191040	217.018890	262.514587	-1857.155396	74.804657	206.336121	-1478.726563	1394.191650	212.491119	-1482.744995	1202.975220
127	1.2600	215.527298	-1517.588135	880.622253	225.076675	-1494.644409	1003.316772	154.955032	-1406.230591	503.026367	153.151886	-1514.644409	884.926514	165.713928	-1318.393677	115.450485	144.219223	-1172.567383	105.374992	278.927216	-1615.832642	507.226898	277.902710	-1520.531738	876.318054	250.697678	-1884.376587	226.730377	265.026001	-1832.308716	83.947403	205.017090	-1453.821533	1394.417358	211.578583	-1457.863892	1203.414673
128	1.2700	214.913284	-1491.731567	879.979492	224.126053	-1469.864136	1002.896179	156.237503	-1385.432617	501.213776	152.522232	-1488.946167	884.160217	170.081940	-1306.519653	112.504814	150.776245	-1160.679077	98.841949	280.899597	-1578.294434	503.410522	277.304352	-1494.516846	875.798767	251.601959	-1855.453125	235.057251	267.815155	-1803.361694	92.484581	203.789597	-1428.848755	1393.398682	210.755798	-1433.044556	1202.474365
129	1.2800	214.272263	-1465.935547	877.996704	223.174530	-1445.360229	1001.159058	157.438446	-1365.081543	498.421906	151.868469	-1463.265747	882.061279	174.598312	-1297.884644	108.551308	157.003632	-1152.167480	91.646141	283.082397	-1540.386841	498.768127	276.676117	-1468.605225	873.932129	252.713181	-1824.277344	241.478333	270.951172	-1770.510498	99.774895	202.638565	-1403.790771	1391.157593	210.014587	-1408.260132	1200.172852
130	1.2900	213.633545	-1440.239258	874.713684	222.233719	-1421.091797	998.127441	158.572540	-1345.130737	494.653748	151.218689	-1437.653076	878.661926	179.168655	-1292.051270	103.885277	162.818283	-1146.506104	84.439690	285.454865	-1502.261719	493.444397	276.048431	-1442.825562	870.765503	254.083450	-1790.811646	245.573013	274.504669	-1734.049805	105.343140	201.555450	-1378.629883	1387.754028	209.345078	-1383.489868	1196.573975
131	1.3000	213.028244	-1414.701416	870.220459	221.310715	-1397.020996	993.874634	159.673111	-1325.498901	489.959991	150.602722	-1412.184326	874.041809	183.687775	-1288.539185	98.840317	168.124237	-1143.126831	77.819038	287.975281	-1463.994873	487.579010	275.453827	-1417.218506	866.398987	255.739746	-1755.114136	247.077393	278.528198	-1694.321045	108.917213	200.540375	-1353.349365	1383.286621	208.738281	-1358.720703	1191.786011
132	1.3100	212.484314	-1389.392090	864.658997	220.407486	-1373.116333	988.529236	160.782791	-1306.086182	484.445435	150.046860	-1386.952515	868.332031	188.039032	-1286.831909	93.758224	172.813156	-1141.460327	72.214478	290.581909	-1425.615112	481.323547	274.921844	-1391.831787	860.985901	257.686951	-1717.306274	245.901566	283.041565	-1651.667236	110.432007	199.603317	-1327.936279	1377.892944	208.188507	-1333.947632	1185.962158
133	1.3200	212.021286	-1364.381104	858.224731	219.519348	-1349.352051	982.278992	161.935257	-1286.802002	478.269043	149.569229	-1362.052856	861.717407	192.098648	-1286.392212	88.959267	176.784470	-1140.969360	67.828728	293.198120	-1387.129150	474.854675	274.473450	-1366.709473	854.731934	259.910187	-1677.539673	242.119812	288.023193	-1606.402466	110.011871	198.764099	-1302.383057	1371.750610	207.695343	-1309.173950	1179.301514
134	1.3300	211.645981	-1339.721069	851.164368	218.635315	-1325.705200	975.366882	163.135025	-1267.597412	471.637726	149.175827	-1337.562622	854.436279	195.746902	-1286.690552	84.715034	179.975342	-1141.166382	64.645126	295.740875	-1348.545898	468.381775	274.116150	-1341.879517	847.892456	262.377502	-1635.969727	235.944809	293.406372	-1558.804932	107.936417	198.051300	-1276.690796	1365.073730	207.265518	-1284.408081	1172.045166
135	1.3400	211.349792	-1315.431152	843.769958	217.737930	-1302.148193	968.085327	164.345779	-1248.494141	464.793854	148.858231	-1313.519409	846.776978	198.882141	-1287.254028	81.225189	182.375229	-1141.633667	62.487854	298.129028	-1309.891479	462.146698	273.841339	-1317.342896	840.763062	265.043091	-1592.741211	227.693024	299.080841	-1509.126709	104.593842	197.499893	-1250.871094	1358.109497	206.914383	-1259.661133	1164.471069
136	1.3500	211.109436	-1291.483765	836.367126	216.806152	-1278.642334	960.762512	165.494476	-1229.603516	457.996338	148.594635	-1289.902344	839.066772	201.432419	-1287.722290	78.602760	184.020554	-1142.053833	61.099716	300.289459	-1271.219604	456.415009	273.624207	-1293.065063	833.667542	267.849426	-1547.975464	217.743317	304.901062	-1457.612915	100.418358	197.148071	-1224.947021	1351.129517	206.665375	-1234.943115	1156.883789
137	1.3600	210.891556	-1267.797119	829.296631	215.819199	-1255.131592	953.742798	166.492126	-1211.123291	451.499603	148.353973	-1266.620728	831.653198	203.362991	-1287.876465	76.876289	184.986908	-1142.227905	60.212509	302.160553	-1232.612549	451.459442	273.429138	-1268.973511	826.940002	270.729065	-1501.765015	206.498215	310.696777	-1404.510376	95.829918	197.033447	-1198.953003	1344.419189	206.548218	-1210.259888	1149.600952
138	1.3700	210.660553	-1244.238892	822.890137	214.761932	-1231.540283	947.362915	167.262497	-1193.322998	445.536041	148.103287	-1243.515991	824.877686	204.682129	-1287.628174	76.010529	185.383316	-1142.070435	59.597561	303.694183	-1194.183838	447.537354	273.217773	-1244.961792	820.902588	273.607239	-1454.170654	194.354446	316.287048	-1350.062622	91.188095	197.188950	-1172.932495	1338.263428	206.595337	-1185.609741	1142.933838
139	1.3800	210.389252	-1220.639648	817.443481	213.630768	-1207.774414	941.924438	167.767044	-1176.510986	440.311401	147.817261	-1220.378662	819.046021	205.442978	-1286.990234	75.942223	185.344910	-1141.590820	59.091724	304.856537	-1156.077637	444.864319	272.961243	-1220.900635	815.841003	276.405182	-1405.223877	181.686325	321.496368	-1294.491089	86.773880	197.639053	-1146.933472	1332.930176	206.836914	-1160.980835	1137.168945
140	1.3900	210.068390	-1196.818604	813.192078	212.437134	-1183.730347	937.669556	168.014297	-1160.983032	436.013367	147.487274	-1196.979736	814.399780	205.735764	-1286.032837	76.619072	185.021484	-1140.860596	58.597080	305.626434	-1118.466064	443.588562	272.649506	-1196.657471	811.984253	279.044617	-1354.932617	168.841064	326.169159	-1237.976318	82.795563	198.396820	-1121.003906	1328.654663	207.295532	-1136.349487	1132.547729
141	1.4000	209.713608	-1172.611938	810.293335	211.207870	-1159.305542	934.761230	168.049606	-1146.964722	432.826599	147.127716	-1173.107788	811.097778	205.667252	-1284.835327	78.027908	184.561020	-1139.974243	58.062225	305.991455	-1081.537842	443.773773	272.299530	-1172.116089	809.488892	281.452789	-1303.292847	156.145264	330.179352	-1180.650269	79.412743	199.462006	-1095.186401	1325.623291	207.981461	-1111.681885	1129.251587
142	1.4100	209.364899	-1147.897583	808.820435	209.982849	-1134.411743	933.276428	167.932327	-1134.550903	430.939392	146.777023	-1148.601929	809.207520	205.333664	-1283.438843	80.202583	184.090302	-1139.008179	57.457352	305.943878	-1045.482056	445.393463	271.952728	-1147.193115	808.433350	283.566681	-1250.306763	143.918213	333.430328	-1122.607544	76.762619	200.820404	-1069.513916	1323.963257	208.888504	-1086.936646	1127.393555
143	1.4200	209.080429	-1122.607910	808.765808	208.809952	-1108.983887	933.208008	167.713455	-1123.666870	430.532562	146.492111	-1123.370605	808.713257	204.796265	-1281.807007	83.212189	183.698486	-1137.989136	56.751823	305.479492	-1010.466003	448.337158	271.668793	-1121.845215	808.818359	285.335541	-1196.007324	132.481247	335.848877	-1063.929077	74.973946	202.444046	-1044.007690	1323.735474	209.994034	-1062.069946	1127.016479
144	1.4300	208.925095	-1096.734619	810.053711	207.739868	-1082.989258	934.477173	167.421875	-1114.062378	431.753235	146.337753	-1097.399048	809.530884	204.067886	-1279.809692	87.136841	183.430130	-1136.885254	55.902889	304.601379	-976.611633	452.423920	271.512390	-1096.070190	810.576477	286.721832	-1140.484741	122.158371	337.379028	-1004.713196	74.165802	204.292557	-1018.675659	1324.933105	211.258270	-1037.040771	1128.098999
145	1.4400	208.957108	-1070.322266	812.556458	206.820541	-1056.428711	936.950745	167.061249	-1105.337769	434.682037	146.373932	-1070.743042	811.528564	203.115326	-1277.223999	92.037994	183.288452	-1135.615356	54.852573	303.327515	-943.980774	457.419098	271.540283	-1069.901489	813.584351	287.699890	-1083.911865	113.264084	337.981750	-945.104248	74.437096	206.315506	-993.513245	1327.483521	212.630142	-1011.814819	1130.560913
146	1.4500	209.214279	-1043.453857	816.112122	206.092758	-1029.335083	940.460266	166.615082	-1096.986450	439.304962	146.640869	-1043.509033	814.547607	201.876160	-1273.759399	97.933891	183.245804	-1134.078491	53.537861	301.698395	-912.569580	463.053986	271.787689	-1043.398560	817.676636	288.253815	-1026.566772	106.080589	337.640717	-885.319641	75.855812	208.455704	-968.503479	1331.255615	214.051392	-986.368774	1134.273926
147	1.4600	209.704147	-1016.234497	820.540100	205.585434	-1001.767395	944.819153	166.057281	-1088.428833	445.491852	147.148315	-1015.833435	818.420288	200.283661	-1269.090210	104.782585	183.256683	-1132.182861	51.911964	299.780731	-882.321350	469.045410	272.259949	-1016.635559	822.659912	288.374603	-968.846985	100.827309	336.370239	-825.672363	78.448792	210.653137	-943.619446	1336.067749	215.464264	-960.692627	1139.068481
148	1.4700	210.401810	-988.776489	825.651306	205.312988	-973.806641	949.834839	165.363647	-1079.040161	452.983582	147.872498	-987.862976	822.978882	198.290955	-1262.893311	112.478119	183.268448	-1129.864624	49.975758	297.663147	-853.150940	475.114075	272.931091	-989.689941	828.323730	288.058502	-911.274963	97.627548	334.220703	-766.588501	82.192787	212.848740	-918.826111	1341.699219	216.815994	-934.790466	1144.743164
149	1.4800	211.255264	-961.186401	831.253845	205.274811	-945.549194	955.315308	164.521210	-1068.181885	461.393097	148.760574	-959.739197	828.058899	195.888794	-1254.889282	120.864288	183.226761	-1127.089600	47.818096	295.442932	-824.969543	481.000946	273.749939	-962.633545	834.448792	287.306915	-854.490723	96.477028	331.278381	-708.613708	87.003159	214.988083	-894.083374	1347.901489	218.064575	-908.680603	1151.070679
150	1.4900	212.195999	-933.555420	837.155090	205.456390	-917.101318	961.071899	163.532715	-1055.244873	470.224976	149.741028	-931.585693	833.496765	193.116135	-1244.883423	129.764877	183.075409	-1123.832520	45.653481	293.208954	-797.698486	486.481995	274.650970	-935.525208	840.813416	286.127533	-799.222839	97.220680	327.661743	-652.396545	92.716164	217.024048	-869.348938	1354.411499	219.180710	-882.391052	1157.806396
151	1.5000	213.150970	-905.952637	843.161743	205.832291	-888.572510	966.919250	162.415482	-1039.701294	478.917145	150.736389	-903.498840	839.126221	190.063339	-1232.795532	139.021286	182.749512	-1120.032959	43.837399	291.027863	-771.270081	491.380798	275.565521	-908.406372	847.197388	284.534882	-746.238708	99.545578	323.513916	-598.645508	99.067841	218.919052	-844.581238	1360.962524	220.149612	-855.955322	1164.693970
152	1.5100	214.053070	-878.422302	849.079529	206.369080	-860.069336	972.674255	161.194077	-1021.158203	486.902527	151.674698	-875.544067	844.774048	186.869461	-1218.673218	148.525757	182.162674	-1115.522095	42.853828	288.939056	-745.615967	495.575592	276.431488	-881.300537	853.385010	282.549744	-696.276428	102.998405	318.991791	-548.059814	105.673767	220.646118	-819.742554	1367.296265	220.970596	-829.408203	1171.473999
153	1.5200	214.848312	-850.985046	854.713501	207.028244	-831.689941	978.156189	159.890274	-999.397522	493.678833	152.497604	-847.755188	850.258789	183.710632	-1202.673706	158.233307	181.201111	-1109.950928	43.233105	286.958496	-720.659424	498.996094	277.199005	-854.214844	859.168274	280.196869	-649.984131	107.029144	314.244781	-501.259094	112.024384	222.189285	-794.801208	1373.172485	221.654938	-802.781250	1177.891846
154	1.5300	215.499527	-823.641357	859.870422	207.769440	-803.518921	983.186584	158.515182	-974.398865	498.871460	153.165359	-820.137878	855.391235	180.776001	-1185.012817	168.143387	179.735733	-1102.776123	45.404221	285.087982	-696.313904	501.610565	277.833710	-827.144775	864.349487	277.501312	-607.877075	111.052399	309.391449	-458.730469	117.506981	223.543060	-769.733643	1378.377319	222.223801	-776.101196	1183.706299
155	1.5400	215.986374	-796.376465	864.362366	208.552765	-775.622070	987.591980	157.067810	-946.339661	502.273865	153.656952	-792.673950	859.978882	178.231888	-1165.892578	178.254684	177.644287	-1093.325073	49.559486	283.323639	-672.489746	503.408325	278.315857	-800.079041	868.745972	274.485107	-570.319336	114.512611	304.501404	-420.806641	121.464897	224.711304	-744.525085	1382.729004	222.703903	-749.388306	1188.698242
156	1.5500	216.303482	-769.166016	868.013062	209.341507	-748.043640	991.207703	155.539749	-915.567993	503.854156	153.968353	-765.327271	863.832153	176.181854	-1145.427368	188.507584	174.830536	-1080.911133	55.599037	281.660065	-649.098145	504.385101	278.638672	-773.004761	872.193970	271.165924	-537.521973	116.941193	299.592560	-387.672180	123.291176	225.705688	-719.169861	1386.082275	223.123291	-722.658203	1192.678589
157	1.5600	216.458740	-741.983459	870.664917	210.103363	-720.804993	993.882751	153.922089	-882.549988	503.727264	154.110611	-738.052429	866.773499	174.637833	-1123.596924	198.733490	171.235947	-1064.948242	63.169399	280.090881	-626.050110	504.534729	278.806854	-745.914490	874.556396	267.558655	-509.551239	117.998947	294.640747	-359.387238	122.547325	226.543533	-693.669922	1388.329712	223.507904	-695.924194	1195.494629
158	1.5700	216.471817	-714.806885	872.187378	210.812195	-693.905823	995.486450	152.210617	-847.798279	502.101471	154.107391	-710.803345	868.646118	173.514954	-1100.241211	208.626328	166.846985	-1045.029175	71.746735	278.606812	-603.250916	503.847778	278.836182	-718.810364	875.728638	263.680359	-486.339539	117.502434	289.595123	-335.909241	119.083694	227.245728	-668.032227	1389.402710	223.877579	-669.199402	1197.036133
159	1.5800	216.373352	-687.627014	872.484863	211.448685	-667.328247	995.916077	150.407440	-811.791992	499.215637	153.993546	-683.545105	869.324707	172.653305	-1075.096558	217.746552	161.697327	-1020.962463	80.712502	277.193726	-580.599548	502.315216	278.753143	-691.708984	875.645020	259.556122	-467.697021	115.434723	284.397095	-317.095093	113.124641	227.833893	-642.265808	1389.270630	224.243393	-642.499634	1197.237427
160	1.5900	216.203766	-660.452209	871.503784	212.001083	-641.041565	995.104309	148.520309	-774.910889	495.287140	153.813019	-656.262268	868.724365	171.857162	-1047.867065	225.571213	155.860886	-992.772949	89.418289	275.830017	-557.995789	499.936310	278.594543	-664.642212	874.283203	255.226456	-453.320557	111.941185	279.003296	-302.676727	105.274284	228.327805	-616.379272	1387.940552	224.606323	-615.845947	1196.080688
161	1.6000	216.011368	-633.313232	869.238770	212.466049	-615.008606	993.028564	146.561279	-737.398438	490.483521	153.616623	-628.968140	866.809326	170.933487	-1018.306824	231.584274	149.435425	-960.671570	97.253090	274.485718	-535.352173	496.729401	278.406128	-637.658386	871.668335	250.754211	-442.800323	107.310715	273.414032	-292.230713	96.417053	228.742676	-590.378296	1385.456909	224.957108	-589.263794	1193.596924
162	1.6100	215.849792	-606.265442	865.736938	212.849472	-589.193909	989.717224	144.545837	-699.362061	484.921875	153.459290	-601.710693	863.599976	169.717422	-986.276123	235.374023	142.529785	-925.006958	103.708611	273.125763	-512.605957	492.743317	278.240326	-610.820190	867.873901	246.230423	-435.625153	101.941811	267.702820	-285.177185	87.530235	229.086823	-564.265381	1381.901855	225.278336	-562.783386	1189.866577
163	1.6200	215.775360	-579.389465	861.100769	213.168869	-563.572144	985.256165	142.492218	-660.810059	478.694397	153.397247	-574.577026	859.178101	168.085754	-951.758484	236.701950	135.265747	-886.200867	108.429192	271.718384	-489.734955	488.066071	278.153442	-584.201965	863.023438	241.776382	-431.196106	96.292923	262.034180	-280.829742	79.472351	229.360016	-538.039978	1377.396484	225.546906	-536.435669	1185.020386
164	1.6300	215.842606	-552.787964	855.489990	213.453140	-538.135071	979.792542	140.420807	-621.708984	471.908569	153.483444	-547.690857	853.690430	165.964645	-914.840576	235.524200	127.784950	-844.675537	111.234047	270.248474	-466.777344	482.827881	278.201782	-557.885010	857.289551	237.538284	-428.857788	90.821686	256.652771	-278.478577	72.819412	229.552673	-511.700806	1372.100464	225.737061	-510.248169	1179.238403
165	1.6400	216.090363	-526.569031	849.121155	213.735931	-512.889404	973.535278	138.354645	-582.033752	464.725403	153.753967	-521.191101	847.350159	163.336426	-875.676331	231.973755	120.245369	-800.792847	112.121811	268.730835	-443.852020	477.196991	278.426758	-531.946899	850.892151	233.671936	-427.946136	85.925720	251.832123	-277.463196	67.802910	229.645798	-485.247742	1366.211914	225.822876	-484.238922	1172.749023
166	1.6500	216.526413	-500.822968	842.264954	214.046463	-487.847778	966.752014	136.321457	-541.803711	457.384491	154.213242	-495.199951	840.437561	160.243835	-834.453003	226.320663	112.809807	-754.826599	111.261955	267.216034	-421.170197	471.369019	278.839569	-506.445953	844.092346	230.321976	-427.844574	81.896545	247.800018	-277.212036	64.354851	229.611954	-458.684906	1359.963867	225.779755	-458.410645	1165.823242
167	1.6600	217.120972	-475.601501	835.236389	214.402237	-463.017700	959.758728	134.355423	-501.099884	450.206116	154.828247	-469.795410	833.289673	156.788132	-791.359863	218.917938	105.638893	-706.979126	108.952003	265.782593	-399.029541	465.550720	279.413727	-481.407532	837.183228	227.599564	-428.045929	78.889656	244.691315	-277.271545	62.207134	229.417099	-432.022919	1353.617310	225.585495	-432.746918	1158.766724
168	1.6700	217.809952	-450.901642	828.377991	214.807144	-438.391479	952.901184	132.495651	-460.069916	443.570526	155.531906	-444.990753	826.282349	153.117416	-746.563782	210.144516	98.888443	-657.414124	105.548111	264.516449	-377.790619	459.940704	280.088013	-456.812469	830.473633	225.563095	-428.203735	76.917664	242.535873	-277.332825	61.003967	229.023270	-405.280304	1347.451172	225.220398	-407.211853	1151.905396
169	1.6800	218.505051	-426.658630	822.036377	215.253662	-413.937958	946.531982	130.780884	-418.921112	437.878693	156.233810	-420.726013	819.803894	149.405655	-700.193298	200.357010	92.698128	-606.266724	101.407967	263.484406	-357.838257	454.713898	280.776276	-432.591248	824.268921	224.204132	-428.140503	75.878281	241.263855	-277.234497	60.396236	228.392197	-378.483551	1341.748779	224.667786	-381.751984	1145.567993
170	1.6900	219.109558	-402.750610	816.534607	215.728790	-389.599854	940.982056	129.242767	-377.911530	433.501923	156.835968	-396.873718	814.221802	145.828644	-652.334351	189.861572	87.179405	-553.646606	96.856987	262.710785	-339.531525	450.018860	281.383148	-408.627502	818.847412	223.444992	-427.817474	75.614937	240.722702	-276.939697	60.099728	227.489380	-351.665436	1336.780640	223.915909	-356.302124	1140.062988
171	1.7000	219.534286	-379.013397	812.145935	216.220322	-365.296448	936.534058	127.902512	-337.337891	430.732361	157.248810	-373.256744	809.851685	142.543854	-603.036926	178.910599	82.409126	-499.643280	92.178658	262.169128	-323.141846	445.994202	281.819763	-384.770081	814.440186	223.153824	-427.283661	75.988724	240.707550	-276.496277	59.914421	226.288330	-324.861877	1332.787598	222.959686	-330.791962	1135.656494
172	1.7100	219.711868	-355.263184	809.074036	216.721161	-340.929932	933.400818	126.772957	-297.519501	429.744812	157.405670	-349.674683	806.930969	139.677948	-552.326782	167.718369	78.429543	-444.335938	87.621750	261.792603	-308.793671	442.793884	282.018066	-360.851624	811.217102	223.173584	-426.614471	76.932762	240.998947	-275.985474	59.713013	224.774292	-298.108490	1329.964355	221.804382	-305.155182	1132.552979
173	1.7200	219.606384	-331.321350	807.443054	217.228546	-316.394562	931.713257	125.865074	-258.777924	430.579041	157.272949	-325.932251	805.603027	137.321793	-500.221741	156.488098	75.253571	-387.808594	83.415001	261.498077	-296.422852	440.601990	281.939819	-336.710419	809.283203	223.357330	-425.851563	78.472092	241.398209	-275.469635	59.415718	222.946884	-271.437866	1328.447632	220.466736	-279.338531	1130.882568
174	1.7300	219.216278	-307.035583	807.298218	217.738815	-291.587036	931.518555	125.194740	-221.409668	433.142822	156.852737	-301.862701	805.913086	135.529739	-446.752197	145.439117	72.873047	-330.169678	79.777000	261.212585	-285.769135	439.624634	281.579803	-312.208435	808.683228	223.599472	-424.959930	80.711388	241.750397	-274.956451	58.966198	220.821259	-244.878342	1328.309082	218.974289	-253.309433	1130.700562
175	1.7400	218.571503	-282.295074	808.612915	218.241989	-266.417084	932.787476	124.785561	-185.655975	437.229248	156.179657	-277.344727	807.814331	134.319901	-391.986145	134.825836	71.268349	-271.571533	76.914848	260.893860	-276.402161	440.061127	280.963348	-287.245392	809.411499	223.852280	-423.805420	83.801842	241.952942	-274.386536	58.312393	218.427826	-218.453384	1329.554077	217.362732	-227.060318	1131.992065
176	1.7500	217.725525	-257.036194	811.301697	218.718719	-240.816010	935.428467	124.665199	-151.672501	442.542664	155.311417	-252.308777	811.183350	133.673935	-336.056976	124.943222	70.416962	-212.225021	75.012733	260.538361	-267.768768	442.066071	280.139648	-261.763672	811.420044	224.123672	-422.155060	87.898895	241.952698	-273.645752	57.395405	215.810226	-192.181290	1332.124878	215.671631	-200.611450	1134.683350
177	1.7600	216.744019	-231.242386	815.232971	219.142044	-214.744446	939.303955	124.857155	-119.506577	448.732208	154.316376	-226.736115	815.840332	133.537460	-279.189911	116.116508	70.297363	-152.407410	74.214844	260.175629	-259.247711	445.709106	279.171661	-235.748672	814.625549	224.459396	-419.696136	93.119469	241.737839	-272.597504	56.149258	213.021835	-166.074875	1335.907471	213.939774	-174.006378	1138.652100
178	1.7700	215.694168	-204.941223	820.239197	219.481155	-188.197723	944.242676	125.370804	-89.090897	455.429413	153.262115	-200.655945	821.567200	133.823700	-221.723358	108.674026	70.887138	-92.466164	74.609047	259.853271	-250.198456	450.942780	278.126190	-209.226547	818.911133	224.918610	-416.068542	99.507240	241.330032	-271.121368	54.514645	210.121246	-140.140915	1340.740112	212.201523	-147.306396	1143.736938
179	1.7800	214.635086	-178.199020	826.125854	219.705917	-161.207367	950.049683	126.193657	-60.258156	462.286224	152.205856	-174.138824	828.123657	134.423172	-164.123199	102.905960	72.159683	-32.822735	76.216881	259.618652	-239.996216	457.583801	277.064301	-182.259216	824.128052	225.551376	-410.903412	107.014122	240.778595	-269.141693	52.469624	207.167877	-114.379555	1346.424316	210.483475	-120.580376	1149.744995
180	1.7900	213.610931	-151.112045	832.678101	219.790405	-133.838776	956.512695	127.289711	-32.773491	469.005371	151.188248	-147.287033	835.259521	135.219116	-106.986183	99.015076	74.086281	26.020050	78.990654	259.503845	-228.056702	465.312408	276.033569	-154.937042	830.096680	226.383011	-403.862793	115.503387	240.158661	-266.631317	50.073261	204.217789	-88.783760	1352.734497	208.803116	-93.893929	1156.456787
181	1.8000	212.647232	-123.794205	839.667480	219.714966	-106.185211	963.407166	128.605164	-6.373602	475.358063	150.231125	-120.220757	842.724121	136.107727	-51.025173	97.069687	76.645058	83.472992	82.811607	259.519379	-213.860931	473.692230	275.063354	-127.367638	836.610962	227.406967	-394.681122	124.779083	239.571640	-263.586823	47.515530	201.320663	-63.339272	1359.429443	207.168228	-67.301712	1163.632935
182	1.8100	211.750824	-96.363510	846.858337	219.466843	-78.358841	970.502319	130.080246	19.200146	481.187103	149.338196	-93.063065	850.272461	137.018082	2.974229	96.970749	79.828407	138.871948	87.483498	259.656494	-196.987213	482.211884	274.163452	-99.663971	843.444092	228.584824	-383.206818	134.637543	239.141861	-259.978363	45.157673	198.517868	-38.025135	1366.260254	205.579193	-40.843243	1171.018921
183	1.8200	210.912750	-68.928749	854.013306	219.039856	-50.481308	977.565674	131.660812	44.181908	486.398773	148.498917	-65.925041	857.670288	137.926346	54.222790	98.445221	83.639664	191.514709	92.722992	259.898102	-177.145889	490.345154	273.326599	-71.932434	850.356323	229.849213	-369.431000	144.923187	239.003448	-255.679337	43.532310	195.841537	-12.815020	1372.980591	204.032867	-14.542791	1178.354004
184	1.8300	210.112991	-41.579975	860.898254	218.433975	-22.673513	984.368286	133.302475	68.773453	490.946350	147.692841	-38.895813	864.693970	138.859985	102.004959	101.071709	88.077972	240.718811	98.154160	260.232330	-154.203369	497.614960	272.533142	-44.264130	857.102661	231.108505	-353.484711	155.563354	239.276535	-250.395721	43.272247	193.314285	12.320927	1379.354248	202.525742	11.588979	1185.379761
185	1.8400	209.326416	-14.382360	867.287109	217.655273	4.952500	990.690247	134.966782	93.139175	494.809265	146.895721	-12.036034	871.133179	139.890320	145.742172	104.333611	93.117737	285.885498	103.315361	260.664673	-128.189911	503.644897	271.757080	-16.728691	863.441223	232.258041	-335.591980	166.562546	240.042068	-243.631439	44.964775	190.949539	37.414005	1385.161377	201.056976	37.552589	1191.848267
186	1.8500	208.527481	12.626040	872.966797	216.715317	32.301540	996.325500	136.614929	117.398071	497.972595	146.083466	14.623932	876.792725	141.115799	185.028717	107.686081	98.689186	326.552002	107.685349	261.223236	-99.291176	508.188477	270.971497	10.628105	869.140808	233.202621	-315.988770	177.951538	241.325104	-234.737823	48.972252	188.751968	62.495049	1390.205688	199.628693	63.357231	1197.531860
187	1.8600	207.694275	39.433403	877.743103	215.631409	59.300659	1001.087463	138.205948	141.614517	500.411285	145.235687	41.082481	881.496704	142.639969	219.640411	110.620934	104.665878	362.422821	110.732994	261.955994	-67.825287	511.134094	270.152893	37.784309	873.989502	233.887070	-294.835419	189.706650	243.095856	-223.029099	55.310219	186.718399	87.592995	1394.318237	198.244843	89.019386	1202.230225
188	1.8700	206.810883	66.050026	881.446472	214.425934	85.903168	1004.813477	139.700150	165.793411	502.082703	144.337860	67.361336	885.091675	144.548080	249.525635	112.719101	110.865555	393.379059	111.988564	262.920746	-34.207546	512.487732	269.283905	64.738785	877.801270	234.321213	-272.155823	201.669662	245.284500	-207.904022	63.630314	184.839111	112.734001	1397.362183	196.909531	114.561485	1205.777588
189	1.8800	205.868927	92.502480	883.938293	213.124863	112.090546	1007.369263	141.064819	189.881378	502.927063	143.382629	93.498108	887.453613	146.888641	274.784851	113.686211	117.071136	419.468079	111.129761	264.171906	1.094094	512.342712	268.355225	91.506813	880.423035	234.583725	-247.826843	213.497162	247.806808	-188.924423	73.286583	183.099365	137.941406	1399.235229	195.625748	140.010757	1208.046875
190	1.8900	204.868576	118.826447	885.116577	211.755844	137.872208	1008.653503	142.279297	213.775177	502.873230	142.370651	119.537766	888.491089	149.665283	295.641510	113.370331	123.070427	440.877380	108.068100	265.745575	37.610210	510.846069	267.366516	118.115189	881.741943	234.799805	-221.623001	224.660889	250.597687	-165.838211	83.445328	181.481430	163.236221	1399.872192	194.393829	165.397308	1208.953735
191	1.9000	203.819016	145.059082	884.921387	210.346252	163.282669	1008.601807	143.337723	237.339157	501.850311	141.311127	145.522980	888.151855	152.839249	312.408325	111.762955	128.699463	457.905670	103.008049	267.647278	74.920959	508.168762	266.326843	144.595200	881.690796	235.105438	-193.298950	234.509354	253.638657	-138.565460	93.214935	179.966888	188.637894	1399.246338	193.211792	190.752518	1208.458984
192	1.9100	202.738739	171.231537	883.340149	208.921021	188.377075	1007.192322	144.248962	260.434021	499.802307	140.222366	171.485870	886.425537	156.337646	325.456451	108.985718	133.867523	470.944305	96.446419	269.844055	112.696518	504.486847	265.255157	170.977234	880.254761	235.618103	-162.672501	242.376724	256.961884	-107.170898	101.780258	178.539215	214.164841	1397.370361	192.076248	216.105438	1206.569214
193	1.9200	201.655212	197.361649	880.411499	207.501846	213.224503	1004.450684	145.035080	282.951691	496.706482	139.131210	197.439621	883.348511	160.061798	335.193787	105.266182	138.551178	480.467896	89.092628	272.263397	150.716721	499.973663	264.179230	197.283646	877.474365	236.423935	-129.669296	247.697662	260.629608	-71.836594	108.511398	177.186234	239.834351	1394.298706	190.983734	241.480057	1203.339478
194	1.9300	200.602127	223.447861	876.227356	206.106384	237.898880	1000.454651	145.728943	304.842560	492.590576	138.070908	223.373108	879.006714	163.892914	342.055481	100.905830	142.760162	487.018402	81.722160	274.799377	188.865616	494.801514	263.133362	223.522614	873.448059	237.576920	-94.317680	250.088089	264.700256	-32.833939	113.020866	175.902512	265.661621	1390.127808	189.933304	266.892792	1198.873291
195	1.9400	199.615662	249.465790	870.934387	204.748932	262.470215	995.337280	146.369995	326.121521	487.544952	137.077179	249.248611	873.537598	167.695847	346.505219	96.243271	146.495300	491.172455	75.011444	277.324554	227.106461	489.149719	262.154144	249.683014	868.331177	239.100861	-56.716461	249.381943	269.196625	9.510595	115.174744	174.690903	291.657806	1384.997925	188.927414	292.350800	1193.324463
196	1.9500	198.729279	275.369263	864.732483	203.440750	286.995514	989.288452	146.994415	346.843719	481.725861	136.183350	275.005859	867.132324	171.325195	349.037567	91.616066	149.724533	493.499939	69.414742	279.707245	265.446503	483.214172	261.275238	275.732635	862.332703	240.991394	-17.000662	245.632477	274.088165	54.856251	115.077744	173.563400	317.827667	1379.093140	187.974091	317.851715	1186.896118
197	1.9600	197.967987	301.098785	857.872314	202.189789	311.514374	982.552795	147.619263	367.057861	475.348785	135.414536	300.573425	860.034302	174.636902	350.169769	87.325806	152.390961	494.533752	65.121902	281.828888	303.903015	477.215302	260.521454	301.624176	855.710327	243.216522	24.685730	239.085999	279.294037	102.880463	113.040985	172.541168	344.166931	1372.638916	187.087433	343.384674	1179.838501
198	1.9700	197.343613	326.597107	850.649170	200.998428	336.050201	975.424316	148.226913	386.757935	468.673859	134.783066	325.885132	852.535522	177.504684	350.412201	83.612091	154.442612	494.752258	62.095730	283.597046	342.474976	471.401001	259.904114	327.309143	848.762756	245.717331	68.204956	230.140198	284.695770	153.281769	109.533539	171.653366	370.660217	1365.896729	186.288513	368.933899	1172.442749
199	1.9800	196.851379	351.828796	843.392578	199.861221	360.617188	968.233459	148.762009	405.854431	461.987274	134.285019	350.901001	844.966431	179.835724	350.218811	80.639565	155.860214	494.558899	60.146179	284.951569	381.124664	466.041504	259.417725	352.756592	841.818848	248.408188	113.433250	219.292938	290.147217	205.756607	105.110619	170.935547	397.280304	1359.155396	185.604752	394.481659	1165.031006
200	1.9900	196.469879	376.795959	836.450256	198.763397	385.228973	961.330872	149.147202	424.171204	455.580231	133.899872	375.623749	837.678589	181.580872	349.935059	78.502312	156.674469	494.256256	59.010761	285.863831	419.766632	461.415039	259.039856	377.968170	835.222046	251.179245	160.264679	207.087616	295.479462	259.976776	100.324608	170.426666	423.988800	1352.716797	185.069229	420.012634	1157.939453
201	2.0000	196.164490	401.546783	830.165771	197.682159	409.906433	955.063171	149.312988	441.467285	449.730804	133.593857	400.108612	831.022278	182.738541	349.779266	77.243690	156.966919	494.037201	58.419903	286.331329	458.264709	457.785034	258.735107	402.984955	829.309204	253.904312	208.613510	194.063049	300.507294	315.594818	95.642975	170.165848	450.739227	1346.879761	184.717377	445.518829	1151.499023
202	2.0100	195.894791	426.173645	824.851563	196.590240	434.683624	949.746155	149.227402	457.482483	444.694672	133.326904	424.461731	825.316650	183.353348	349.864258	76.883194	156.854477	494.000519	58.137321	286.368591	496.438599	455.373383	258.462677	427.885559	824.386597	256.452271	258.414795	180.718018	305.041382	372.277588	91.400002	170.188614	477.481445	1341.921387	184.583908	471.002411	1146.012695
203	2.0200	195.623535	450.801147	820.763916	195.460876	459.610535	945.639526	148.910675	472.004028	440.706818	133.061676	448.827576	820.821655	183.509048	350.238312	77.442329	156.468475	494.178558	57.977707	285.996399	534.079773	454.336273	258.185394	452.774750	820.706177	258.699860	309.621918	167.496002	308.902649	429.751221	87.796715	170.523132	504.167145	1338.078857	184.698029	496.477997	1141.733032
204	2.0300	195.324661	475.566956	818.082092	194.273544	484.750885	942.926392	148.427124	484.938568	437.988098	132.771378	473.367340	817.717285	183.314011	350.936584	78.960442	155.934341	494.573700	57.804176	285.232849	570.972839	454.747803	257.877930	477.766602	818.446960	260.542542	362.200043	154.785858	311.937225	487.830994	84.937439	171.187073	530.754456	1335.532837	185.078018	521.971802	1138.844727
205	2.0400	194.986969	500.600983	816.898438	193.019150	510.176697	941.702209	147.859985	496.363159	436.743042	132.443848	498.235107	816.093872	182.879608	352.026276	81.494881	155.357590	495.192047	57.516613	284.090393	606.916870	456.593750	257.530090	502.966919	817.703125	261.900238	416.108887	142.934174	314.023865	546.415283	82.878235	172.184998	557.211731	1334.397217	185.726639	547.519470	1137.455688
206	2.0500	194.614197	526.007568	817.218018	191.703293	535.959351	941.973877	147.283218	506.535461	437.143494	132.081970	523.556641	815.954468	182.295776	353.635315	85.106621	154.815948	496.063843	57.038399	282.580292	641.747253	459.773438	257.146484	528.458496	818.481567	262.718628	471.278717	132.257324	315.076172	605.450378	81.660912	173.506653	583.518250	1334.713745	186.627777	573.159424	1137.595581
207	2.0600	194.220871	551.852539	818.967529	190.346985	562.158813	943.668457	146.742264	515.862244	439.300446	131.699585	549.413940	817.226807	181.609879	355.959412	89.837746	154.356735	497.245514	56.306232	280.720764	675.353149	464.107056	256.742096	554.291138	820.708374	262.968506	527.581787	123.046158	315.043823	664.881348	81.328751	175.126312	609.664917	1336.452393	187.745728	598.930359	1139.221924
208	2.0700	193.826523	578.158752	822.009888	188.984619	588.815979	946.647400	146.247421	524.845825	443.235077	131.316269	575.838562	819.779846	180.816879	359.248596	95.688560	153.997955	498.804016	55.267170	278.544983	707.690063	469.350067	256.336761	580.478882	824.239929	262.643616	584.806519	115.559135	313.916901	724.604248	81.928825	177.003723	635.653076	1339.516479	189.028030	624.864563	1142.229736
209	2.0800	193.449097	604.908325	826.160339	187.660492	615.946838	950.724304	145.776810	534.030823	448.856384	130.950211	602.814026	823.441589	179.864838	363.780090	102.601158	153.731934	500.794830	53.888737	276.104401	738.781494	475.214294	255.947952	607.002563	828.879272	261.758545	642.635437	110.004379	311.731171	784.424011	83.507202	179.086502	661.493469	1343.750977	190.410736	650.984619	1146.462891
210	2.0900	193.099930	632.050415	831.202881	186.423920	643.540039	955.681702	145.284744	543.965088	455.949890	130.613113	630.283569	828.014709	178.673401	369.824738	110.454323	153.528625	503.246429	52.185555	273.466095	768.705444	481.393402	255.586716	633.817322	834.390991	260.346893	700.631775	106.513718	308.570465	844.023193	86.099472	181.313751	687.204285	1348.953979	191.826111	677.300476	1151.725586
211	2.1000	192.781296	659.512329	836.904175	185.323959	671.557495	961.286011	144.712753	555.174561	464.178833	130.307358	658.161987	833.289307	177.157974	377.614594	119.072289	153.337692	506.164612	50.251122	270.704956	797.569824	487.587677	255.255219	660.862610	840.519104	258.458649	758.240295	105.112862	304.565186	902.948425	89.714783	183.620346	712.809204	1354.888794	193.210526	703.808350	1157.792847
212	2.1100	192.486664	687.210876	843.024902	184.403961	699.936829	967.299866	144.001053	568.145874	473.101563	130.025894	686.348450	839.050781	175.253738	387.313263	128.247910	153.091293	509.553619	48.279316	267.891663	825.487976	493.524048	254.947433	688.073242	846.998962	256.156830	814.808044	105.694672	299.885376	960.621643	94.312180	185.941330	738.335388	1361.297729	194.510376	730.492493	1164.420776
213	2.1200	192.202423	715.064392	849.328247	183.697220	728.595703	973.489868	143.097656	583.303406	482.206482	129.754181	714.740479	845.085815	172.935684	398.992279	137.776657	152.706696	513.449219	46.566730	265.080872	852.564209	498.971191	254.650635	715.388245	853.570801	253.511612	869.630432	108.004898	294.730438	1016.383667	99.768333	188.216110	763.811890	1367.914795	195.687363	757.328064	1171.354126
214	2.1300	191.910889	743.003357	855.586365	183.223679	757.438721	979.633545	141.963104	600.983398	490.962738	129.473251	743.246643	851.185486	170.233170	412.618042	147.492752	152.090515	517.953125	45.491680	262.303467	878.895081	503.750397	254.348526	742.760071	859.987244	250.593277	922.015442	111.650803	289.312775	1069.563477	105.843575	190.391800	789.267395	1374.478027	196.720108	784.285217	1178.334229
215	2.1400	191.593018	770.978088	861.584961	182.988510	786.365662	985.523376	140.570984	621.407043	498.878662	129.162720	771.796570	857.149048	167.235504	428.057037	157.292831	151.142899	523.264893	45.465534	259.566833	904.576965	507.739075	254.023285	770.159607	866.020752	247.463791	971.349670	116.135086	283.831696	1119.555420	112.161415	192.425873	814.728943	1380.739258	197.604721	811.332642	1185.105713
216	2.1500	191.231628	798.961365	867.126038	182.982101	815.278870	990.969604	138.906082	644.658386	505.555817	128.804626	800.345093	862.785278	164.083313	445.104675	167.135498	149.762680	529.705750	46.858982	256.862762	929.712341	510.867065	253.658630	797.577637	871.466797	244.166779	1017.146973	120.907608	278.440308	1165.879761	118.216072	194.287567	840.220398	1386.473877	198.351303	838.441589	1191.425049
217	2.1600	190.814041	826.947144	872.030518	183.181854	844.090942	995.802002	136.962891	670.673706	510.727051	128.386108	828.871521	867.914490	160.942032	463.536407	177.013885	147.855225	537.719116	49.913456	254.179718	954.407166	513.104675	253.241928	825.022766	876.146606	240.719193	1059.071045	125.421196	273.214203	1208.213257	123.415276	195.958527	865.761169	1391.486450	198.981750	865.587708	1197.066528
218	2.1700	190.333969	854.944580	876.140137	183.555542	872.729126	999.870911	134.746292	699.244263	514.270874	127.901825	857.374451	872.370728	157.963455	483.163361	186.913559	145.344955	547.834351	54.674011	251.512405	978.762512	514.448669	252.766113	852.514771	879.909546	237.108612	1096.934082	129.180206	268.137543	1246.387939	127.152008	197.432236	891.365540	1395.615356	199.522888	892.752258	1201.830322
219	2.1800	189.793030	882.969116	879.319092	184.064850	901.138794	1003.046997	132.273285	730.036255	516.199341	127.354904	885.863159	876.003418	155.247177	503.876678	196.770523	142.187912	560.597168	60.972507	248.866653	1002.865540	514.908447	252.231125	880.074951	882.634766	233.298737	1130.679932	131.776245	263.112457	1280.366821	128.891159	198.713165	917.042664	1398.734253	200.004456	919.921021	1205.548828
220	2.1900	189.202057	911.033508	881.455872	184.669220	929.283447	1005.221497	129.573059	762.632324	516.621582	126.758575	914.348877	878.680054	152.813950	525.672668	206.438492	138.377655	576.486572	68.458794	246.258179	1026.786865	514.497803	251.645493	907.718140	884.231812	229.240738	1160.359985	132.912186	257.988770	1310.210693	128.256973	199.814835	942.797546	1400.752563	200.452026	947.083313	1208.092163
221	2.2000	188.582809	939.140259	882.464722	185.329529	957.143799	1006.306641	126.683296	796.587891	515.694336	126.136955	942.835754	880.286987	150.600494	548.655945	215.669830	133.940521	595.841003	76.655899	243.708908	1050.583984	513.231384	251.028687	935.444702	884.642517	224.884964	1186.104614	132.416306	252.602493	1336.043701	125.111031	200.757935	968.633118	1401.612915	200.885788	974.228699	1209.369385
222	2.2100	187.967804	967.275818	882.286865	186.010590	984.715210	1006.236816	123.643997	831.493835	513.574646	125.524643	971.315430	880.732544	148.478226	573.018188	224.117676	128.920639	618.813171	85.016357	241.241882	1074.309326	511.125275	250.410980	963.236206	883.841248	220.190536	1208.091187	130.247589	246.816162	1358.028320	119.604881	201.567596	994.551697	1401.289673	201.316833	1001.344299	1209.330444
223	2.2200	187.398361	995.407410	880.891968	186.683319	1012.002625	1004.971069	120.491951	867.030212	510.384491	124.964111	999.761597	879.949707	146.289215	598.993896	231.368774	123.362534	645.365295	92.974716	238.876297	1098.019653	508.202087	249.832657	991.053223	881.833984	215.133408	1226.516724	126.494301	240.557632	1376.357422	112.186111	202.270676	1020.557190	1399.785278	201.747543	1028.413086	1207.963257
224	2.2300	186.918976	1023.482056	878.279907	187.324707	1039.015991	1002.497742	117.259926	902.995605	506.198334	124.499817	1028.129028	877.902710	143.882965	626.802551	237.007416	117.299469	675.296448	100.001877	236.623260	1121.779907	504.498535	249.338135	1018.835144	878.657227	209.715408	1241.580566	121.364845	233.848785	1391.258057	103.544449	202.892899	1046.655273	1397.130249	202.171387	1055.411621	1205.292847
225	2.2400	186.571655	1051.428223	874.483459	187.917770	1065.765015	998.838623	113.980576	939.309631	501.050537	124.172836	1056.353638	874.591187	141.141617	656.597107	240.692673	110.752274	708.293396	105.663643	234.483871	1145.666504	500.073029	248.970444	1046.502930	874.375916	203.977066	1253.485718	115.172562	226.819702	1402.999023	94.499947	203.456253	1072.853882	1393.381714	202.575516	1082.311890	1201.379150
226	2.2500	186.390015	1079.159180	869.571594	188.450790	1092.254761	994.053772	110.690720	975.987610	494.960938	124.014954	1084.355469	870.057556	137.991241	688.438293	242.219711	103.737663	743.992432	109.670509	232.451782	1169.752075	495.009735	248.765076	1073.962891	869.085693	198.012589	1262.460083	108.311531	219.702942	1411.888184	85.859337	203.976532	1099.160522	1388.625366	202.942398	1109.082520	1196.317139
227	2.2600	186.394791	1106.579712	863.653809	188.915970	1118.483887	988.247070	107.431114	1013.101074	487.968231	124.045166	1112.044312	864.393311	134.404190	722.298279	241.545273	96.280891	782.041382	111.906395	230.520157	1194.081543	489.419250	248.744476	1101.114990	862.914307	191.981827	1268.791260	101.222946	212.809280	1418.266479	78.272690	204.461502	1125.581055	1382.977417	203.253036	1135.692871	1190.237793
228	2.2700	186.590851	1133.594849	856.883484	189.308411	1144.444580	981.568787	104.241966	1050.737061	480.163055	124.266823	1139.327515	857.742920	130.396683	758.083862	238.779160	88.427940	822.150452	112.434578	228.691879	1218.636108	483.433746	248.914856	1127.862183	856.024048	186.106781	1272.858154	94.351509	206.480652	1422.506104	72.130455	204.909607	1152.116699	1376.585327	203.488739	1162.116455	1183.309326
229	2.2800	186.965210	1160.120850	849.459595	189.625031	1170.125122	974.216858	101.158363	1088.963623	471.713470	124.666107	1166.120117	850.306763	126.023399	795.663208	234.154022	80.257103	864.115479	111.481331	226.988220	1243.300415	477.198853	249.264328	1154.121460	848.612427	180.644730	1275.137207	88.098457	201.020798	1425.021729	67.536072	205.309601	1178.761719	1369.630127	203.632553	1188.334595	1175.738281
230	2.2900	187.486938	1186.096558	841.624817	189.865250	1195.514282	966.433472	98.210152	1127.809448	462.876740	125.211899	1192.356934	842.339111	121.368202	834.891663	227.980667	71.886696	907.808594	109.390778	225.448792	1267.845093	470.864288	249.762054	1179.836182	840.910522	175.845840	1276.166748	82.778908	196.630554	1426.272949	64.354271	205.641113	1205.501343	1362.323364	203.669708	1214.338989	1167.767090
231	2.3000	188.109604	1211.494995	833.659485	190.032944	1220.607422	958.498657	95.426506	1167.254028	453.994568	125.857872	1218.004517	834.143433	116.532715	875.630920	220.599670	63.478104	953.146667	106.558586	224.122009	1291.937134	464.575256	250.361343	1204.985474	833.175537	171.908386	1276.466797	78.590141	193.382141	1426.722168	62.294243	205.876068	1232.311646	1354.904785	203.587158	1240.133423	1159.670166
232	2.3100	188.776398	1236.329468	825.868225	190.139328	1245.411377	950.716980	92.841827	1207.225830	445.472076	126.547470	1243.067993	826.057373	111.624481	917.760376	212.337784	55.230682	1000.055420	103.360207	223.049957	1315.182007	458.465363	251.005356	1229.590942	825.679199	168.945389	1276.460327	75.600121	191.223724	1426.773438	61.004776	205.981003	1259.158691	1347.633545	203.373520	1265.734619	1151.743408
233	2.3200	189.426163	1260.655396	818.562500	190.203430	1269.948364	943.400696	90.498947	1247.599854	437.743591	127.218979	1267.593384	818.433289	106.747696	961.184570	203.476334	47.365498	1048.444946	100.092415	222.253036	1337.185547	452.654663	251.633377	1253.717285	818.691650	166.969330	1276.442017	73.763008	190.009232	1426.732788	60.153870	205.920059	1286.001221	1340.778687	203.018768	1291.170288	1144.290283
234	2.3300	189.999725	1284.567749	812.039551	190.251892	1294.257202	936.849731	88.448204	1288.200195	431.229706	127.811920	1291.665771	811.614258	101.998100	1005.834473	194.234756	40.098919	1098.203857	96.945328	221.720718	1357.617920	447.254791	252.187546	1277.469604	812.464966	165.894760	1276.587646	72.955803	189.537323	1426.796631	59.478394	205.658401	1312.792969	1334.605347	202.515411	1316.479492	1137.604858
235	2.3400	190.446335	1308.194458	806.562012	190.316986	1318.395264	931.331787	86.742294	1328.799194	426.291901	128.273285	1315.403564	805.908203	97.462517	1051.666260	184.770370	33.615093	1149.207275	94.006287	221.412003	1376.253052	442.379883	252.619354	1300.985474	807.215942	165.560822	1276.973633	73.026794	189.585129	1427.053467	58.806870	205.165985	1339.486572	1329.359497	201.860535	1341.708618	1131.951660
236	2.3500	190.728043	1331.685303	802.340271	190.431183	1342.437500	927.063354	85.430695	1369.127441	423.192780	128.562653	1338.948608	801.566345	93.221130	1098.658447	175.189255	28.043909	1201.328613	91.286842	221.266983	1392.985596	438.160187	252.893341	1324.422119	803.114380	165.769577	1277.605957	73.846725	189.936218	1427.505493	58.053143	204.420975	1366.037720	1325.252808	201.057526	1366.908203	1127.548340
237	2.3600	190.823151	1355.198853	799.521606	190.621338	1366.474243	924.198730	84.554573	1408.889648	422.070007	128.656693	1362.454956	798.764832	89.350700	1146.805786	165.566589	23.451874	1254.449341	88.761261	221.225311	1407.837769	434.754150	252.989563	1347.942871	800.278442	166.329590	1278.460449	75.347183	190.402908	1428.107178	57.190506	203.412628	1392.408447	1322.450073	200.117371	1392.128540	1124.552979
238	2.3700	190.725754	1378.889282	798.186279	190.901947	1390.606934	922.822571	84.142464	1447.787598	422.929596	128.549500	1386.076050	797.598389	85.926125	1196.114380	155.970749	19.847061	1308.462280	86.397903	221.245102	1420.961304	432.349731	252.902039	1371.702393	798.774048	167.092514	1279.528564	77.534462	190.840332	1428.810303	56.219398	202.142838	1418.568848	1321.059448	199.058411	1417.414673	1123.058838
239	2.3800	190.444092	1402.892822	798.350647	191.271118	1414.940063	922.952942	84.204437	1485.541382	425.654114	128.250946	1409.951660	798.080994	83.019508	1246.592285	146.488159	17.195395	1363.269043	84.177673	221.315704	1432.632813	431.151062	252.637238	1395.833984	798.620361	167.973557	1280.859619	80.475998	191.151947	1429.601685	55.140354	200.626450	1444.497925	1321.128052	197.904999	1442.800537	1123.094849
240	2.3900	189.997406	1427.316528	799.973694	191.710236	1439.571899	924.546631	84.726730	1521.912598	430.020294	127.783691	1434.194824	800.152466	80.696007	1298.239258	137.241531	15.436982	1418.778320	82.101204	221.460800	1443.230957	431.349487	252.211090	1420.438232	799.795044	168.954575	1282.584961	84.267487	191.287369	1430.519775	53.937386	198.890213	1470.184204	1322.640869	196.683701	1468.307251	1124.632202
241	2.4000	189.413712	1452.227661	802.964172	192.187820	1464.582031	927.508118	85.667725	1556.721069	435.720886	127.179443	1458.880005	803.690552	79.007797	1351.030518	128.399933	14.500841	1474.900146	80.191719	221.731369	1453.205444	433.088226	251.647964	1445.575317	802.237793	170.071808	1284.924438	88.988937	191.237442	1431.652710	52.572540	196.970505	1495.624878	1325.524170	195.421783	1493.938721	1127.590820
242	2.4100	188.727005	1477.651245	807.188110	192.667084	1490.023804	931.698853	86.959343	1589.860352	442.391968	126.475189	1484.039551	808.523254	77.987373	1404.900269	120.176857	14.316498	1531.540894	78.499199	222.191208	1463.038452	436.427490	250.978867	1471.262939	805.853027	171.396667	1288.169434	94.662910	191.030060	1433.119873	50.990719	194.910446	1520.824829	1329.650513	194.143829	1519.683472	1131.846436
243	2.4200	187.974167	1503.572388	812.475952	193.113495	1515.921021	936.945435	88.513893	1621.302368	449.643799	125.709457	1509.665649	814.442383	77.642410	1459.722290	112.818802	14.822069	1588.591064	77.107422	222.898788	1473.204590	441.319763	250.238876	1497.479126	810.509583	173.016525	1292.650024	101.227921	190.726700	1435.043091	49.132935	192.756454	1545.796875	1334.847168	192.870438	1545.516235	1137.237549
244	2.4300	187.191833	1529.943359	818.629211	193.500504	1542.268066	943.047241	90.236076	1651.098877	457.093628	124.919411	1535.717773	821.214600	77.952087	1515.294556	106.582016	15.967308	1645.908569	76.140327	223.890228	1484.143311	447.600525	249.464264	1524.168945	816.043640	175.017883	1298.686768	108.535240	190.418915	1437.517700	46.954983	190.554962	1570.561035	1340.905273	191.615891	1571.404541	1143.570313
245	2.4400	186.413956	1556.689819	825.426575	193.811203	1569.032349	949.782837	92.037140	1679.373901	464.394806	124.138077	1562.129028	828.591187	78.866524	1571.332275	101.702568	17.711729	1703.301514	75.759132	225.168793	1496.238892	454.994263	248.689835	1551.250610	822.261841	177.471146	1306.538940	116.374405	190.222168	1440.585815	44.456341	188.349457	1595.143555	1347.589966	190.388779	1597.312988	1150.624390
246	2.4500	185.669830	1583.720459	832.630554	194.038437	1596.158691	956.915771	93.848412	1706.314331	471.259399	123.393471	1588.816650	836.313965	80.309769	1627.468506	98.363228	20.020878	1760.511597	76.145027	226.703064	1509.815796	463.133423	247.946228	1578.624268	828.947266	180.415314	1316.353882	124.524223	190.267731	1444.224365	41.726761	186.178406	1619.577148	1354.650391	189.191498	1623.209473	1158.157715
247	2.4600	184.983170	1610.933838	839.994324	194.181610	1623.573853	964.200439	95.631752	1732.160278	477.471954	122.707687	1615.688232	844.122437	82.186371	1683.265625	96.661293	22.862200	1817.209595	77.465012	228.434738	1525.138062	471.588684	247.258698	1606.179443	835.866211	183.841599	1328.133789	132.816498	190.693466	1448.360352	38.997547	184.073685	1643.899170	1361.829712	188.022095	1649.068604	1165.912109
248	2.4700	184.371979	1638.228149	847.269104	194.243713	1651.192017	971.390137	97.383537	1757.192627	482.893036	122.097183	1642.651733	851.760010	84.392349	1738.233154	96.582596	26.204702	1873.000732	79.827293	230.292328	1542.414917	479.908478	246.646759	1633.804688	842.778198	187.678864	1341.728027	141.189911	191.636505	1452.919189	36.670883	182.059677	1668.151123	1368.874512	186.876099	1674.873657	1173.623047
249	2.4800	183.849411	1665.510742	854.211060	194.228317	1678.920410	978.243286	99.130333	1781.716919	487.452148	121.573853	1669.623901	858.977539	86.829727	1791.852051	97.985405	30.023302	1927.440918	83.235886	232.206802	1561.802856	487.660522	246.124985	1661.397461	849.444580	191.789001	1356.861694	149.710342	193.225891	1457.901245	35.288837	180.153137	1692.374756	1375.542847	185.748856	1700.614868	1181.025146
250	2.4900	183.424149	1692.706665	860.589355	194.137070	1706.664551	984.532715	100.916138	1806.038330	491.133698	121.145073	1696.538818	865.540833	89.423203	1843.598022	100.599007	34.309978	1980.057983	87.557266	234.124359	1583.401367	494.469818	245.703262	1688.874512	855.637817	195.982956	1373.195068	158.547775	195.571884	1463.449219	35.432468	178.363373	1716.611450	1381.611938	184.636368	1726.288574	1187.864136
251	2.5000	183.100510	1719.765991	866.193115	193.968231	1734.333984	990.052673	102.785049	1830.435669	493.958923	120.814156	1723.353149	871.236450	92.135178	1892.968994	104.038071	39.083027	2030.378296	92.506561	236.014465	1607.239990	500.047974	245.386810	1716.178833	861.149902	200.061142	1390.404785	167.913925	198.751007	1469.868408	37.579147	176.693008	1740.897705	1386.883789	183.537521	1751.893921	1193.903809
252	2.5100	182.878586	1746.666992	870.837585	193.717102	1761.846558	994.626221	104.765259	1855.136108	495.966248	120.580551	1750.049805	875.877441	94.976646	1939.506714	107.832214	44.389263	2077.948975	97.658096	237.872360	1633.265381	504.208557	245.176651	1743.284058	865.797668	203.864319	1408.258911	177.984039	202.790222	1477.587402	41.984966	175.139145	1765.263550	1391.190308	182.453293	1777.431396	1198.936523
253	2.5200	182.753464	1773.415771	874.369263	193.377396	1789.132568	998.109497	106.859962	1880.295654	497.192902	120.438965	1776.636353	879.310181	98.008705	1982.817261	111.467903	50.292278	2122.356445	102.477142	239.717163	1661.329590	506.868134	245.067917	1770.195068	869.428284	207.312775	1426.666992	188.828369	207.655289	1487.085449	48.639786	173.694763	1789.730469	1394.396851	181.387817	1802.901123	1202.789917
254	2.5300	182.715561	1800.041016	876.670593	192.944366	1816.136841	1000.395569	109.047897	1905.991211	497.662598	120.380035	1803.139526	881.421082	101.331886	2022.587036	114.439369	56.847847	2163.246094	106.371887	241.587326	1691.197510	508.030182	245.051132	1796.942627	871.920166	210.417130	1445.696533	200.365341	213.247543	1498.820068	57.280651	172.350540	1814.310669	1396.403809	180.348389	1828.302368	1205.332520
255	2.5400	182.751465	1826.586060	877.663208	192.418198	1842.820679	1001.415039	111.292297	1932.222290	497.381439	120.391312	1829.595459	882.139526	105.066299	2058.588135	116.301125	64.078270	2200.334961	108.771729	243.534836	1722.573730	507.759033	245.111649	1823.576538	873.186646	213.258270	1465.557251	212.337006	219.416855	1513.173828	67.429878	171.096420	1839.007080	1397.149292	179.344299	1853.634644	1206.478638
256	2.5500	182.845245	1853.096558	877.311096	191.806061	1869.159912	1001.138489	113.553352	1958.920776	496.341431	120.458206	1856.039185	881.443970	109.326721	2090.673340	116.717781	71.956474	2233.418945	109.231468	245.616684	1755.141235	506.152557	245.232300	1850.153931	873.177979	215.948227	1486.556274	224.313492	225.991241	1530.421265	78.442474	169.923431	1863.814941	1396.609131	178.386993	1878.898682	1206.189209
257	2.5600	182.979858	1879.611206	875.622742	191.123352	1895.143921	999.574097	115.799370	1985.967041	494.531830	120.565109	1882.494019	879.361938	114.196930	2118.763916	115.506508	80.406281	2262.373047	107.543808	247.882736	1788.599731	503.321045	245.394516	1876.728394	871.883484	218.592209	1509.025513	235.736908	232.812576	1550.716675	89.576126	168.825119	1888.722046	1394.798218	177.489380	1904.095825	1204.473389
258	2.5700	183.138062	1906.152344	872.653564	190.392731	1920.773438	996.770996	118.012604	2013.211670	491.956573	120.696381	1908.964111	875.971924	119.704590	2142.841309	112.667320	89.305214	2287.154541	103.812767	250.361679	1822.697266	499.377533	245.579773	1903.340454	869.335083	221.269119	1533.244873	245.999710	239.763016	1574.096924	100.080429	167.798767	1913.711548	1391.772339	176.664200	1929.226929	1201.388184
259	2.5800	183.302887	1932.719360	868.507568	189.642395	1946.056396	992.819580	120.187759	2040.504028	488.654785	120.835625	1935.430908	871.402222	125.800194	2162.945313	108.392952	98.483421	2307.803467	98.453407	253.050949	1857.241455	494.438324	245.770111	1930.007813	865.612854	224.031097	1559.390381	254.537262	246.771881	1600.495850	109.290771	166.846497	1938.761597	1387.627441	175.923370	1954.289551	1197.036133
260	2.5900	183.457550	1959.286133	863.337585	188.902664	1971.005737	987.854736	122.323174	2067.719238	484.719543	120.966904	1961.851440	865.828735	132.342041	2179.184814	103.051765	107.715385	2324.452148	92.107460	255.914154	1892.105225	488.630981	245.948303	1956.720825	860.846252	226.909332	1587.521973	260.902130	253.804535	1629.769409	116.696907	165.975906	1963.846802	1382.501099	175.278366	1979.274902	1191.564087
261	2.6000	183.586227	1985.800049	857.343750	188.203812	1995.636963	982.057129	124.407707	2094.775879	480.306885	121.074028	1988.161377	859.471863	139.092575	2191.758545	97.141525	116.711395	2337.334473	85.498703	258.887604	1927.218872	482.107422	246.098511	1983.438599	855.215332	229.915573	1617.608398	264.804932	260.839935	1661.735352	121.976868	165.200485	1988.937012	1376.570679	174.740082	2004.163574	1185.161865
262	2.6100	183.674881	2012.186279	850.768311	187.573120	2019.965576	975.651611	126.408058	2121.641602	475.629089	121.143501	2014.280762	852.589722	145.731934	2200.987549	91.218689	125.122559	2346.800293	79.273468	261.891937	1962.559204	475.057251	246.206314	2010.092041	848.946777	233.039291	1649.566162	266.123352	267.847412	1696.221680	125.002800	164.539566	2013.997314	1370.050659	174.319717	2028.924805	1178.059082
263	2.6200	183.712631	2038.355103	843.887085	187.032990	2044.006958	968.901489	128.261749	2148.303467	470.926971	121.164604	2040.122559	845.468262	151.898087	2207.337891	85.812332	132.576843	2353.328369	73.882790	264.843231	1998.135620	467.718109	246.260651	2036.588135	842.305664	236.245895	1683.295166	264.888123	274.769226	1733.106323	125.826462	164.017609	2038.985962	1363.186157	174.029175	2053.515625	1170.519897
264	2.6300	183.692764	2064.210938	836.994873	186.599609	2067.774658	962.096252	129.880219	2174.713135	466.426300	121.131233	2065.601807	838.408997	157.253586	2211.405273	81.340027	138.745850	2357.511963	69.543060	267.662079	2033.968018	460.377930	246.254333	2062.819824	835.580811	239.479141	1718.703735	261.257629	281.509308	1772.331909	124.652962	163.662720	2063.855225	1356.244263	173.881348	2077.886230	1162.835693
265	2.6400	183.615097	2089.664307	830.387939	186.281769	2091.282715	955.535156	131.164490	2200.711182	462.287842	121.043793	2090.649658	831.708618	161.556137	2213.844238	78.043755	143.414841	2359.998291	66.264839	270.278595	2070.065674	453.365997	246.186386	2088.679199	829.067322	242.667358	1755.719238	255.482910	287.932861	1813.889282	121.801834	163.504562	2088.551758	1349.502197	173.889908	2101.982178	1155.313965
266	2.6500	183.487640	2114.643311	824.342712	186.081161	2114.545410	949.501831	132.029648	2225.965088	458.569855	120.910667	2115.218994	825.640015	164.704712	2215.255127	75.964996	146.530014	2361.383545	63.920559	272.635803	2106.406738	447.030670	246.064575	2114.067871	823.045532	245.731934	1794.287964	247.869492	293.875183	1857.775391	117.658447	163.571640	2113.019531	1343.231445	174.068069	2125.756592	1148.261841
267	2.6600	183.328156	2139.101074	819.095459	185.990540	2137.580811	944.244019	132.432831	2249.973633	455.223663	120.749573	2139.293457	820.429199	166.744293	2216.098389	74.975677	148.207535	2362.129395	62.316994	274.691650	2142.917725	441.706940	245.906708	2138.908691	817.761719	248.596146	1834.367432	238.740341	299.160370	1903.946289	112.623749	163.888367	2137.206543	1337.682739	174.426117	2149.174561	1141.968018
268	2.6700	183.164063	2163.020508	814.825684	185.994370	2160.411133	939.952393	132.396973	2272.145996	452.134888	120.587173	2162.887695	816.238525	167.838699	2216.678223	74.851326	148.703033	2362.546875	61.249805	276.418518	2179.470459	437.679199	245.741058	2163.153076	813.412842	251.192841	1875.919800	228.404953	303.627167	1952.285278	107.069427	164.472717	2161.068115	1333.071289	174.970627	2172.221436	1136.680298
269	2.6800	183.028702	2186.413086	811.647583	186.068130	2183.064453	936.751953	132.018005	2291.935791	449.199738	120.455032	2186.044189	813.157959	168.227173	2217.168213	75.353783	148.354202	2362.820068	60.538635	277.800293	2215.877197	435.149841	245.602402	2186.781982	810.137207	253.470276	1918.905640	217.143860	307.152863	2002.598999	101.312256	165.334427	2184.573486	1329.564087	175.701950	2194.906006	1132.590332
270	2.6900	182.954742	2209.314697	809.611206	186.180695	2205.574951	934.699707	131.449356	2308.975586	446.399597	120.384033	2208.824463	811.210205	168.174500	2217.649170	76.296776	147.515228	2363.038086	60.045364	278.824738	2251.909180	434.223145	245.525375	2209.804932	808.012390	255.395081	1963.283936	205.205765	309.672119	2054.641602	95.610489	166.474014	2207.707520	1327.273560	176.613602	2217.259521	1129.821655
271	2.7000	182.966400	2231.778564	808.711792	186.297546	2227.981445	933.795898	130.868958	2323.167725	443.839417	120.397057	2231.299805	810.363586	167.924133	2218.154541	77.579552	146.498856	2363.238037	59.673683	279.476837	2287.313232	434.906250	245.535812	2232.257324	807.059998	256.951508	2009.013184	192.820435	311.184723	2108.149170	90.184570	167.882309	2230.470459	1326.255005	177.691711	2239.330566	1128.426880
272	2.7100	183.073502	2253.871826	808.904358	186.388046	2250.323975	933.996216	130.441025	2334.710938	441.735046	120.503075	2253.545410	810.553101	167.662201	2218.711182	79.190926	145.539459	2363.439453	59.362396	279.736420	2321.837158	437.120575	245.643860	2254.198242	807.255737	258.137421	2056.048096	180.216492	311.754639	2162.864014	85.248604	169.540222	2252.875488	1326.510132	178.914795	2261.177979	1128.396362
273	2.7200	183.269791	2275.669678	810.118530	186.431656	2272.639648	935.228027	130.282684	2344.052246	440.361328	120.696739	2275.632568	811.699097	167.496658	2219.364502	81.192558	144.779648	2363.668701	59.076775	279.582855	2355.253662	440.715454	245.842712	2275.707031	808.537964	258.959198	2104.336914	167.635910	311.501923	2218.535889	81.026482	171.419601	2274.947754	1327.990967	180.255722	2282.865234	1129.665527
274	2.7300	183.534149	2297.255859	812.272156	186.423416	2294.960693	937.403625	130.442795	2351.799561	439.986389	120.959023	2297.628662	813.723877	167.454193	2220.195801	83.688782	144.273636	2363.973145	58.797421	279.003906	2387.381348	445.481567	246.109283	2296.883057	810.820313	259.428009	2153.809814	155.343536	310.586395	2274.909180	77.747604	173.484711	2296.717773	1330.607666	181.684097	2304.453857	1132.130005
275	2.7400	183.835648	2318.718750	815.279907	186.374466	2317.312012	940.432251	130.895828	2358.612549	440.810638	121.261932	2319.596436	816.558960	167.490768	2221.319580	86.793587	144.003922	2364.418701	58.512657	278.006470	2418.098145	451.166107	246.409500	2317.840820	814.000610	259.557190	2204.370605	143.626770	309.185516	2331.707275	75.613480	175.694595	2318.220215	1334.236816	183.170319	2325.999756	1135.656494
276	2.7500	184.140030	2340.148682	819.057678	186.308609	2339.710449	944.224121	131.551025	2365.110840	442.926300	121.573166	2341.593994	820.146851	167.512039	2222.878662	90.597366	143.901550	2365.084473	58.209782	276.624115	2447.344727	457.490479	246.706787	2338.703613	817.968567	259.360565	2255.879639	132.790222	307.467865	2388.622314	74.752083	178.005890	2339.489502	1338.732300	184.688080	2347.547852	1140.097046
277	2.7600	184.414841	2361.633545	823.524536	186.255310	2362.166992	948.695923	132.272980	2371.814941	446.304932	121.861664	2363.673828	824.435852	167.397385	2225.031738	95.141922	143.866318	2366.049316	57.869553	274.918427	2475.117676	464.169952	246.967926	2359.593506	822.613647	258.849731	2308.137207	123.141273	305.570129	2445.323486	75.177864	180.375641	2360.556885	1343.935669	186.217697	2369.131836	1145.298828
278	2.7700	184.633133	2383.253906	828.604553	186.244186	2384.687012	953.771851	132.908249	2379.126953	450.813049	122.100151	2385.883301	829.379272	167.022980	2227.938477	100.406860	143.783920	2367.383301	57.465355	272.972321	2501.453857	470.931763	247.166061	2380.624512	827.829956	258.030273	2360.876709	114.967873	303.585602	2501.479004	76.769791	182.764008	2381.448486	1349.687866	187.746033	2390.771484	1151.116943
279	2.7800	184.773911	2405.078125	834.229309	186.299652	2407.272217	959.386841	133.311432	2387.333008	456.245026	122.265984	2408.263184	834.935608	166.277893	2231.749023	106.311188	143.539581	2369.141113	56.963131	270.877136	2526.413330	477.528564	247.281738	2401.893066	833.523254	256.897766	2413.766846	108.513176	301.562744	2556.785889	79.291687	185.136398	2402.184326	1355.839600	189.266312	2412.474365	1157.419556
280	2.7900	184.820343	2427.161865	840.340332	186.439484	2429.922363	965.485535	133.365326	2396.621826	462.363037	122.340202	2430.848877	841.067383	165.071838	2236.593018	112.729599	143.029724	2371.357422	56.324348	268.719299	2550.068848	483.748413	247.300415	2423.475098	839.613098	255.436188	2466.439697	103.951775	299.515106	2611.000488	82.444824	187.464737	2422.779297	1362.260620	190.776276	2434.239014	1164.098022
281	2.8000	184.758270	2449.544434	846.891541	186.674026	2452.635498	972.024963	132.989410	2407.099854	468.937042	122.306976	2453.666992	847.745728	163.335388	2242.575439	119.518257	142.171463	2374.043701	55.509930	266.570374	2572.493164	489.421997	247.209564	2445.422119	846.037354	253.620621	2518.532471	101.379524	297.433624	2663.947266	85.941597	189.728073	2443.242432	1368.846802	192.276443	2456.056152	1171.068604
282	2.8100	184.574799	2472.250977	853.851135	187.008438	2475.409424	978.973633	132.137497	2418.814209	475.776611	122.152382	2476.736084	854.951904	161.014496	2249.770020	126.542229	140.908798	2377.179199	54.490128	264.481262	2593.757324	494.426788	246.997223	2467.765625	852.750366	251.424377	2569.731689	100.818779	295.295258	2715.513184	89.572487	191.912323	2463.580322	1375.522583	193.768951	2477.915283	1178.276001
283	2.8200	0	0	0	0	0	0	0	0	0	0	0	0	0	0	0	0	0	0	0	0	0	0	0	0	0	0	0	0	0	0	194.009201	2483.796143	1382.240601	195.255417	2499.806396	1185.689453
284	2.8300	0	0	0	0	0	0	0	0	0	0	0	0	0	0	0	0	0	0	0	0	0	0	0	0	0	0	0	0	0	0	196.014771	2503.892090	1388.976074	196.737335	2521.718994	1193.298584
285	2.8400	0	0	0	0	0	0	0	0	0	0	0	0	0	0	0	0	0	0	0	0	0	0	0	0	0	0	0	0	0	0	197.927673	2523.868652	1395.720093	198.215958	2543.644043	1201.106812

